cmd: ./build/entry.out
events: Ir Bc Bcm Bi Bim
fl=./csu/../csu/libc-start.c
fn=__libc_start_main@@GLIBC_2.34
128 2 0 0 0 0
134 3 1 0 0 0
135 7 0 0 1 1
138 1 0 0 0 0
139 2 1 0 0 0
142 3 0 0 0 0
143 2 0 0 0 0
144 11 2 0 0 0
145 4 0 0 1 1
242 13 0 0 0 0
311 3 1 0 0 0
312 3 0 0 0 0
337 6 1 0 0 0
340 2 1 1 0 0
343 2 0 0 0 0
350 2 0 0 0 0
352 2 1 0 0 0
360 4 0 0 0 0
fl=./csu/../sysdeps/nptl/libc_start_call_main.h
fn=(below main)
29 6 0 0 0 0
44 5 0 0 0 0
46 2 1 0 0 0
51 2 0 0 0 0
52 2 0 0 0 0
55 2 0 0 0 0
58 6 0 0 1 1
74 2 0 0 0 0
fl=./csu/./csu/init-first.c
fn=_init_first
46 6 0 0 0 0
51 2 1 0 0 0
55 5 1 0 0 0
61 1 0 0 0 0
62 1 0 0 0 0
63 2 0 0 0 0
71 2 0 0 0 0
72 3 0 0 0 0
fl=./ctype/./ctype/ctype-info.c
fn=__ctype_init
29 1 0 0 0 0
31 7 0 0 0 0
33 4 0 0 0 0
35 4 0 0 0 0
36 1 0 0 0 0
fl=./debug/../sysdeps/x86_64/multiarch/ifunc-memmove.h
fn=__memcpy_chk
56 2 1 0 0 0
57 3 0 0 0 0
60 3 0 0 0 0
61 2 1 1 0 0
74 2 1 0 0 0
77 2 1 0 0 0
85 2 1 1 0 0
93 2 1 1 0 0
96 5 0 0 0 0
fn=__memmove_chk
56 2 1 0 0 0
57 3 0 0 0 0
60 3 0 0 0 0
61 2 1 1 0 0
74 2 1 0 0 0
77 2 1 0 0 0
85 2 1 1 0 0
93 2 1 1 0 0
96 5 0 0 0 0
fn=__mempcpy_chk
56 2 1 0 0 0
57 3 0 0 0 0
60 3 0 0 0 0
61 2 1 1 0 0
74 2 1 0 0 0
77 2 1 0 0 0
85 2 1 1 0 0
93 2 1 1 0 0
96 5 0 0 0 0
fl=./debug/../sysdeps/x86_64/multiarch/ifunc-memset.h
fn=__memset_chk
54 5 1 0 0 0
57 3 0 0 0 0
58 2 1 1 0 0
64 2 0 0 0 0
73 2 1 0 0 0
75 2 1 0 0 0
85 2 1 0 0 0
93 2 1 0 0 0
96 5 0 0 0 0
fl=./debug/../sysdeps/x86_64/multiarch/memcpy_chk.c
fn=__memcpy_chk
29 1 0 0 0 0
fl=./debug/../sysdeps/x86_64/multiarch/memmove_chk.c
fn=__memmove_chk
29 1 0 0 0 0
fl=./debug/../sysdeps/x86_64/multiarch/mempcpy_chk.c
fn=__mempcpy_chk
29 1 0 0 0 0
fl=./debug/../sysdeps/x86_64/multiarch/memset_chk.c
fn=__memset_chk
29 1 0 0 0 0
fl=./elf/../bits/stdlib-bsearch.h
fn=intel_check_word.constprop.0
27 96 0 0 0 0
28 48 0 0 0 0
29 744 372 38 0 0
31 648 0 0 0 0
32 348 0 0 0 0
35 264 0 0 0 0
37 120 0 0 0 0
fl=./elf/../elf/dl-tls.c
fn=_dl_add_to_slotinfo
1128 8 0 0 0 0
1129 4 2 0 0 0
1137 1 0 0 0 0
1140 1 0 0 0 0
1141 1 0 0 0 0
1145 3 1 0 0 0
1181 2 1 1 0 0
1184 2 0 0 0 0
1185 3 0 0 0 0
1187 2 0 0 0 0
1190 1 0 0 0 0
1191 6 0 0 0 0
fn=_dl_allocate_tls_init
563 10 0 0 0 0
564 2 1 0 0 0
568 2 0 0 0 0
570 1 0 0 0 0
571 3 1 0 0 0
574 2 0 0 1 1
577 3 1 0 0 0
589 1 0 0 0 0
594 18 2 0 0 0
600 7 2 1 0 0
603 3 0 0 0 0
604 2 1 0 0 0
610 3 1 0 0 0
611 2 0 0 0 0
613 12 0 0 0 0
616 2 1 0 0 0
617 2 0 0 0 0
620 2 1 0 0 0
621 4 1 0 0 0
623 2 1 0 0 0
624 3 0 0 0 0
633 1 0 0 0 0
643 2 1 0 0 0
645 11 0 0 0 0
649 1 0 0 0 0
653 1 0 0 0 0
659 2 0 0 1 1
662 1 0 0 0 0
665 9 0 0 0 0
fn=_dl_allocate_tls_storage
88 1 1 0 0 0
94 1 1 0 0 0
390 1 0 0 0 0
394 1 0 0 0 0
395 1 0 0 0 0
396 2 1 0 0 0
399 1 0 0 0 0
405 2 0 0 0 0
442 7 0 0 0 0
444 1 0 0 0 0
455 1 0 0 0 0
459 1 0 0 0 0
460 2 1 0 0 0
471 6 0 0 0 0
472 1 0 0 0 0
476 305 296 10 0 0
495 1 0 0 0 0
503 7 0 0 0 0
fn=_dl_assign_tls_modid
150 4 0 0 0 0
153 2 1 0 0 0
166 1 0 0 0 0
206 1 0 0 0 0
208 1 0 0 0 0
211 1 0 0 0 0
212 2 0 0 0 0
fn=_dl_count_modids
217 1 0 0 0 0
219 2 1 0 0 0
220 1 0 0 0 0
235 2 0 0 0 0
fn=_dl_determine_tlsoffset
241 9 0 0 0 0
242 1 0 0 0 0
243 1 0 0 0 0
244 1 0 0 0 0
247 4 1 0 0 0
250 2 1 0 0 0
284 1 0 0 0 0
286 11 2 1 0 0
288 5 1 0 0 0
290 3 0 0 0 0
291 2 0 0 0 0
293 2 0 0 0 0
295 5 1 1 0 0
306 1 0 0 0 0
311 8 0 0 0 0
313 2 1 1 0 0
314 1 0 0 0 0
319 1 0 0 0 0
326 1 0 0 0 0
327 7 0 0 0 0
329 2 0 0 0 0
379 1 0 0 0 0
380 8 0 0 0 0
fn=_dl_tls_initial_modid_limit_setup
1090 1 0 0 0 0
1091 1 0 0 0 0
1093 7 2 0 0 0
1095 6 0 0 0 0
1096 4 2 1 0 0
1099 2 1 0 0 0
1102 1 0 0 0 0
1103 1 0 0 0 0
fn=_dl_tls_static_surplus_init
108 3 0 0 0 0
122 8 0 0 0 0
125 6 0 0 0 0
126 5 0 0 0 0
127 3 0 0 0 0
129 4 1 0 0 0
132 1 0 0 0 0
134 1 0 0 0 0
136 3 0 0 0 0
137 6 0 0 0 0
fl=./elf/../include/list.h
fn=__tls_init_tp
43 2 0 0 0 0
44 2 0 0 0 0
45 1 0 0 0 0
47 1 0 0 0 0
fl=./elf/../include/rtld-malloc.h
fn=__minimal_calloc
56 8 0 0 8 1
fn=_dl_allocate_tls_storage
44 2 0 0 1 1
56 1 0 0 1 1
fn=_dl_check_map_versions
44 9 0 0 3 1
fn=_dl_find_object_init
56 2 0 0 1 1
fn=_dl_important_hwcaps
56 4 0 0 2 2
fn=_dl_init_paths
56 5 0 0 3 3
fn=_dl_map_object_deps
56 6 0 0 3 2
fn=_dl_new_object
44 9 0 0 3 1
56 6 0 0 2 1
fn=fillin_rpath.isra.0
50 2 0 0 1 1
51 1 0 0 0 0
56 2 0 0 1 1
fn=init_tls
44 2 0 0 1 1
fl=./elf/../include/scratch_buffer.h
fn=_dl_map_object_deps
77 2 0 0 0 0
78 1 0 0 0 0
85 3 1 1 0 0
131 8 0 0 0 0
fl=./elf/../misc/sbrk.c
fn=sbrk
37 6 0 0 0 0
40 1 0 0 0 0
58 2 1 0 0 0
62 2 1 1 0 0
78 5 0 0 0 0
fl=./elf/../nptl/nptl-stack.h
fn=__libc_early_init
61 8 0 0 0 0
fl=./elf/../sysdeps/generic/_itoa.h
fn=_dl_check_map_versions
76 6 0 0 0 0
fl=./elf/../sysdeps/generic/dl-cache.h
fn=_dl_load_cache_lookup
125 1 0 0 0 0
194 1 0 0 0 0
195 5 1 1 0 0
fl=./elf/../sysdeps/generic/dl-call_tls_init_tp.h
fn=init_tls
31 8 1 0 0 0
33 1 0 0 0 0
fl=./elf/../sysdeps/generic/dl-debug.h
fn=dl_main
29 4 1 0 0 0
30 1 0 0 0 0
fl=./elf/../sysdeps/generic/dl-hash.h
fn=__rtld_malloc_init_real
43 7 0 0 0 0
44 1 0 0 0 0
45 19 6 5 0 0
48 18 0 0 0 0
62 24 0 0 0 0
67 1 0 0 0 0
72 1 0 0 0 0
fl=./elf/../sysdeps/generic/dl-new-hash.h
fn=_dl_lookup_symbol_x
69 98 0 0 0 0
70 196 0 0 0 0
74 796 0 0 0 0
77 1592 796 72 0 0
80 744 0 0 0 0
81 1488 744 47 0 0
87 46 0 0 0 0
88 46 0 0 0 0
89 92 0 0 0 0
90 46 0 0 0 0
99 698 0 0 0 0
101 698 0 0 0 0
102 1396 0 0 0 0
104 698 0 0 0 0
105 698 0 0 0 0
fl=./elf/../sysdeps/generic/dl-protected.h
fn=do_lookup_x
29 378 91 6 0 0
fl=./elf/../sysdeps/generic/ldsodefs.h
fn=_dl_relocate_object
79 23 0 0 0 0
140 303 0 0 0 0
fn=_dl_start
79 6 0 0 0 0
fn=do_lookup_x
139 182 0 0 0 0
140 273 0 0 0 0
fl=./elf/../sysdeps/nptl/dl-mutex.c
fn=__rtld_mutex_init
30 7 0 0 0 0
37 1 0 0 0 0
40 7 0 0 0 0
44 2 1 0 0 0
45 9 1 0 0 0
47 6 0 0 0 0
51 2 1 0 0 0
52 7 1 0 0 0
53 6 0 0 0 0
fl=./elf/../sysdeps/nptl/dl-tls_init_tp.c
fn=__tls_init_tp
66 5 0 0 0 0
67 1 0 0 0 0
70 1 0 0 0 0
73 4 0 0 0 0
74 2 0 0 0 0
75 1 0 0 0 0
80 2 0 0 0 0
85 4 0 0 0 0
88 1 0 0 0 0
91 3 0 0 0 0
103 4 0 0 0 0
113 2 0 0 0 0
120 2 0 0 0 0
121 3 0 0 0 0
fn=__tls_pre_init_tp
51 3 0 0 0 0
54 10 0 0 0 0
59 2 0 0 0 0
60 1 0 0 0 0
62 1 0 0 0 0
fn=rtld_mutex_dummy
42 8 0 0 0 0
44 16 0 0 0 0
fl=./elf/../sysdeps/nptl/pthread_early_init.h
fn=__libc_early_init
33 6 1 0 0 0
34 1 0 0 0 0
38 5 0 0 0 0
45 2 0 0 0 0
46 1 0 0 0 0
48 2 0 0 0 0
52 5 0 0 0 0
53 1 0 0 0 0
54 1 0 0 0 0
56 1 0 0 0 0
fl=./elf/../sysdeps/posix/dl-fileid.h
fn=_dl_map_object_from_fd
37 8 2 1 0 0
40 4 0 0 0 0
49 12 6 5 0 0
fl=./elf/../sysdeps/unix/sysv/linux/brk.c
fn=brk
36 1 0 0 0 0
37 1 0 0 0 0
38 2 1 0 0 0
44 1 0 0 0 0
45 1 0 0 0 0
fl=./elf/../sysdeps/unix/sysv/linux/brk_call.h
fn=brk
24 2 0 0 0 0
fl=./elf/../sysdeps/unix/sysv/linux/dl-osinfo.h
fn=dl_main
39 2 0 0 0 0
52 1 0 0 0 0
fl=./elf/../sysdeps/unix/sysv/linux/dl-parse_auxv.h
fn=_dl_sysdep_parse_arguments
32 2 0 0 0 0
33 1 0 0 0 0
34 1 0 0 0 0
41 93 23 6 0 0
42 44 22 0 0 0
43 44 0 0 0 0
45 1 0 0 0 0
46 2 0 0 0 0
47 3 0 0 0 0
48 2 0 0 0 0
49 2 0 0 0 0
50 2 0 0 0 0
51 2 0 0 0 0
52 2 0 0 0 0
53 2 0 0 0 0
54 2 0 0 0 0
56 2 0 0 0 0
fl=./elf/../sysdeps/unix/sysv/linux/dl-sysdep.c
fn=_dl_sysdep_parse_arguments
79 9 0 0 0 0
80 2 0 0 0 0
81 2 0 0 0 0
82 3 0 0 0 0
83 71 0 0 0 0
84 144 72 10 0 0
87 2 0 0 0 0
91 56 52 10 0 0
94 2 0 0 0 0
95 2 0 0 0 0
96 2 0 0 0 0
97 8 0 0 0 0
fn=_dl_sysdep_start
103 6 0 0 0 0
104 1 0 0 0 0
107 2 0 0 0 0
111 2 0 0 0 0
114 1 0 0 0 0
116 2 0 0 0 0
123 3 1 0 0 0
124 2 0 0 0 0
126 5 1 0 0 0
138 3 1 0 0 0
141 5 0 0 1 1
144 4 0 0 0 0
fn=_dl_sysdep_start_cleanup
148 1 0 0 0 0
149 1 0 0 0 0
fl=./elf/../sysdeps/unix/sysv/linux/dl-vdso-setup.h
fn=dl_main
30 1 0 0 0 0
33 1 0 0 0 0
36 1 0 0 0 0
39 1 0 0 0 0
45 1 0 0 0 0
fl=./elf/../sysdeps/unix/sysv/linux/dl-vdso.h
fn=dl_main
40 2 0 0 0 0
41 5 1 0 0 0
55 2 0 0 0 0
fl=./elf/../sysdeps/unix/sysv/linux/rseq-internal.h
fn=__tls_init_tp
41 3 1 1 0 0
50 4 0 0 0 0
54 6 0 0 0 0
56 2 1 1 0 0
59 1 0 0 0 0
fl=./elf/../sysdeps/unix/sysv/linux/x86/dl-hwcap2.h
fn=update_active.constprop.0
25 2 1 1 0 0
fl=./elf/../sysdeps/unix/sysv/linux/x86/dl-minsigstacksize.h
fn=get_common_indices.constprop.0
24 2 1 0 0 0
27 2 1 0 0 0
28 2 1 0 0 0
65 3 0 0 0 0
72 1 0 0 0 0
74 1 0 0 0 0
fl=./elf/../sysdeps/x86/cpu-features.c
fn=get_common_indices.constprop.0
467 3 0 0 0 0
471 4 1 0 0 0
474 5 0 0 0 0
478 1 0 0 0 0
479 4 0 0 0 0
480 4 0 0 0 0
481 4 0 0 0 0
482 3 0 0 0 0
483 2 1 0 0 0
490 2 1 0 0 0
492 9 0 0 0 0
497 8 0 0 0 0
504 2 1 0 0 0
505 7 0 0 0 0
511 2 1 0 0 0
526 3 0 0 0 0
fn=init_cpu_features.constprop.0
445 3 0 0 0 0
446 2 1 0 0 0
447 6 0 0 0 0
452 2 1 1 0 0
453 6 0 0 0 0
458 2 1 0 0 0
459 7 0 0 0 0
751 8 0 0 0 0
754 1 0 0 0 0
755 1 0 0 0 0
756 1 0 0 0 0
759 1 0 0 0 0
768 3 0 0 0 0
771 6 3 0 0 0
772 1 0 0 0 0
775 1 0 0 0 0
777 6 0 0 0 0
782 1 0 0 0 0
784 3 1 1 0 0
786 9 1 0 0 0
790 7 1 0 1 1
843 3 1 1 0 0
850 2 0 0 0 0
868 1 0 0 0 0
908 2 1 1 0 0
942 4 1 1 0 0
945 3 0 0 0 0
946 1 0 0 0 0
954 2 1 0 0 0
961 2 1 0 0 0
963 2 0 0 0 0
967 2 1 0 0 0
973 2 1 1 0 0
1097 3 1 0 0 0
1098 2 0 0 0 0
1101 2 1 0 0 0
1102 2 0 0 0 0
1108 1 0 0 0 0
1109 1 0 0 0 0
1110 1 0 0 0 0
1111 2 0 0 0 0
1115 4 0 0 0 0
1118 4 0 0 0 0
1124 3 1 1 0 0
1128 1 0 0 0 0
1137 2 0 0 0 0
1138 3 1 1 0 0
1177 1 0 0 0 0
1178 2 1 1 0 0
1182 3 1 1 0 0
1199 2 0 0 0 0
1200 2 1 0 0 0
1202 3 1 0 0 0
1203 2 0 0 0 0
1205 3 1 0 0 0
1206 2 0 0 0 0
1209 2 0 0 0 0
1223 4 0 0 0 0
1225 4 0 0 0 0
1229 4 1 0 0 0
1232 6 1 0 0 0
1235 1 0 0 0 0
1238 1 0 0 0 0
1270 4 0 0 0 0
1277 8 0 0 0 0
fn=update_active.constprop.0
87 8 0 0 0 0
91 1 0 0 0 0
99 3 0 0 0 0
100 3 0 0 0 0
101 2 0 0 0 0
109 3 0 0 0 0
110 1 0 0 0 0
118 4 0 0 0 0
119 1 0 0 0 0
124 4 0 0 0 0
127 4 0 0 0 0
128 1 0 0 0 0
131 5 0 0 0 0
132 2 0 0 0 0
136 4 0 0 0 0
137 3 0 0 0 0
138 3 0 0 0 0
139 2 0 0 0 0
143 5 0 0 0 0
144 5 0 0 0 0
145 3 0 0 0 0
147 2 1 0 0 0
148 4 0 0 0 0
162 2 1 0 0 0
166 6 0 0 0 0
167 4 0 0 0 0
169 3 1 1 0 0
173 4 1 0 0 0
176 1 0 0 0 0
179 2 1 1 0 0
181 2 0 0 0 0
185 1 0 0 0 0
186 1 0 0 0 0
193 4 0 0 0 0
195 5 0 0 0 0
201 4 0 0 0 0
203 4 0 0 0 0
205 4 0 0 0 0
210 5 1 1 0 0
259 2 0 0 0 0
260 3 1 1 0 0
276 4 1 0 0 0
292 2 1 1 0 0
296 2 0 0 0 0
297 1 0 0 0 0
300 4 0 0 0 0
304 2 1 1 0 0
308 4 0 0 0 0
309 2 1 0 0 0
313 1 0 0 0 0
314 1 0 0 0 0
317 2 0 0 0 0
319 1 0 0 0 0
322 2 1 1 0 0
425 2 1 1 0 0
429 3 1 1 0 0
438 1 0 0 0 0
439 8 0 0 0 0
fl=./elf/../sysdeps/x86/dl-cacheinfo.h
fn=get_common_cache_info.constprop.0
571 10 0 0 0 0
586 1 0 0 0 0
589 1 0 0 0 0
590 1 0 0 0 0
596 1 0 0 0 0
598 11 1 1 0 0
601 2 1 0 0 0
613 1 0 0 0 0
618 4 1 0 0 0
622 2 1 0 0 0
627 1 0 0 0 0
630 29 0 0 0 0
637 8 4 0 0 0
640 26 7 3 0 0
645 2 1 0 0 0
649 3 0 0 0 0
650 2 0 0 0 0
654 2 1 0 0 0
658 3 0 0 0 0
661 4 0 0 0 0
662 1 0 0 0 0
667 4 2 1 0 0
673 4 2 0 0 0
677 3 1 0 0 0
681 7 0 0 0 0
683 3 1 0 0 0
685 4 2 1 0 0
687 9 0 0 0 0
689 2 0 0 0 0
691 8 3 0 0 0
693 4 2 1 0 0
696 2 1 0 0 0
701 1 0 0 0 0
703 8 0 0 0 0
704 3 0 0 0 0
705 2 0 0 0 0
708 2 1 1 0 0
711 2 1 0 0 0
718 1 0 0 0 0
720 4 0 0 0 0
721 2 0 0 0 0
726 1 0 0 0 0
731 4 1 0 0 0
732 1 0 0 0 0
733 3 1 0 0 0
734 1 0 0 0 0
759 3 0 0 0 0
770 4 2 0 0 0
771 5 0 0 0 0
775 2 1 1 0 0
782 1 0 0 0 0
783 1 0 0 0 0
784 1 0 0 0 0
785 7 0 0 0 0
fn=handle_intel.constprop.0
250 108 0 0 0 0
255 24 12 0 0 0
261 12 0 0 0 0
262 12 0 0 0 0
267 48 0 0 0 0
271 24 12 11 0 0
276 24 0 0 0 0
279 60 0 0 0 0
281 24 12 0 0 0
284 60 0 0 0 0
286 24 12 12 0 0
305 96 0 0 0 0
fn=init_cpu_features.constprop.0
792 1 0 0 0 0
793 1 0 0 0 0
794 1 0 0 0 0
808 2 1 1 0 0
810 5 0 0 0 0
811 4 0 0 0 0
812 1 0 0 0 0
815 3 0 0 0 0
817 3 0 0 0 0
818 2 0 0 0 0
820 3 0 0 0 0
822 3 0 0 0 0
824 3 0 0 0 0
826 3 0 0 0 0
828 3 0 0 0 0
831 3 0 0 0 0
833 3 0 0 0 0
835 3 0 0 0 0
837 6 0 0 0 0
893 2 0 0 0 0
894 2 0 0 0 0
895 2 0 0 0 0
896 2 0 0 0 0
897 2 0 0 0 0
898 1 0 0 0 0
899 2 0 0 0 0
900 1 0 0 0 0
901 1 0 0 0 0
902 1 0 0 0 0
903 2 0 0 0 0
904 1 0 0 0 0
906 1 0 0 0 0
909 3 0 0 0 0
923 3 0 0 0 0
924 7 0 0 0 0
929 2 0 0 0 0
930 7 0 0 0 0
931 2 0 0 0 0
939 8 0 0 0 0
940 2 1 0 0 0
960 6 0 0 0 0
969 2 0 0 0 0
970 2 1 1 0 0
975 3 1 0 0 0
978 2 0 0 0 0
988 2 0 0 0 0
989 3 0 0 0 0
993 1 0 0 0 0
994 2 1 0 0 0
995 2 1 1 0 0
996 1 0 0 0 0
997 2 0 0 0 0
1003 3 0 0 0 0
1010 5 0 0 0 0
1012 2 1 1 0 0
1015 5 0 0 0 0
1017 2 1 1 0 0
1020 5 0 0 0 0
1021 5 1 0 0 0
1025 5 0 0 0 0
1026 5 1 0 0 0
1030 5 0 0 0 0
1032 3 0 0 0 0
1037 6 0 0 0 0
1039 2 1 0 0 0
1045 12 0 0 0 0
1046 10 0 0 0 0
1047 13 0 0 0 0
1050 11 0 0 0 0
1053 11 0 0 0 0
1055 10 0 0 0 0
1063 2 0 0 0 0
1064 2 0 0 0 0
1065 2 0 0 0 0
1066 2 0 0 0 0
1067 2 0 0 0 0
1068 2 0 0 0 0
1069 1 0 0 0 0
fn=intel_check_word.constprop.0
110 648 324 6 0 0
113 324 324 41 0 0
119 216 0 0 0 0
123 48 24 0 0 0
125 12 0 0 0 0
129 120 0 0 0 0
131 144 72 2 0 0
133 60 0 0 0 0
135 120 60 0 0 0
143 120 60 2 0 0
152 39 12 5 0 0
155 111 0 0 0 0
158 99 33 1 0 0
162 58 0 0 0 0
164 189 35 6 0 0
167 104 20 3 0 0
168 96 18 4 0 0
169 84 15 3 0 0
170 72 12 4 0 0
172 11 0 0 0 0
174 22 11 4 0 0
176 12 0 0 0 0
177 16 0 0 0 0
178 12 0 0 0 0
179 20 0 0 0 0
180 14 7 3 0 0
181 12 0 0 0 0
183 8 4 0 0 0
184 12 0 0 0 0
187 21 0 0 0 0
190 2 0 0 0 0
194 192 48 6 0 0
202 168 0 0 0 0
216 48 0 0 0 0
246 144 0 0 0 0
fl=./elf/../sysdeps/x86/dl-get-cpu-features.c
fn=__x86_cpu_features
39 3 1 0 0 0
76 3 0 0 0 0
fn=_dl_x86_init_cpu_features
37 1 0 0 0 0
39 3 1 1 0 0
41 1 0 0 0 0
fl=./elf/../sysdeps/x86/dl-isa-level.h
fn=_dl_load_cache_lookup
28 6 0 0 0 0
fl=./elf/../sysdeps/x86/dl-prop.h
fn=_dl_map_object_from_fd
149 8 4 4 0 0
fn=_dl_process_pt_gnu_property
95 20 5 0 0 0
102 10 5 0 0 0
115 10 5 3 0 0
118 5 0 0 0 0
252 4 2 0 0 0
253 2 0 0 0 0
254 6 3 2 0 0
255 3 0 0 0 0
257 20 0 0 0 0
260 6 0 0 0 0
fn=dl_main
36 2 0 0 0 0
37 15 5 3 0 0
40 7 0 0 0 0
49 22 8 1 0 0
53 18 3 0 0 0
71 2 0 0 0 0
149 4 2 2 0 0
fl=./elf/../sysdeps/x86/get-isa-level.h
fn=_dl_hwcaps_subdirs_active
30 4 1 1 0 0
31 1 0 0 0 0
32 3 1 0 0 0
36 3 1 0 0 0
39 4 1 0 0 0
40 4 1 0 0 0
45 4 1 0 0 0
48 2 1 0 0 0
51 5 1 0 0 0
53 4 1 0 0 0
54 2 1 0 0 0
55 2 1 0 0 0
58 4 1 1 0 0
fn=update_active.constprop.0
28 1 0 0 0 0
30 4 1 1 0 0
31 1 0 0 0 0
32 3 1 0 0 0
36 3 1 1 0 0
38 1 0 0 0 0
39 2 1 0 0 0
40 4 1 0 0 0
45 4 0 0 0 0
47 1 0 0 0 0
48 2 1 0 0 0
51 5 1 0 0 0
53 4 1 0 0 0
54 2 0 0 0 0
55 2 1 0 0 0
57 1 0 0 0 0
58 4 1 1 0 0
fl=./elf/../sysdeps/x86_64/dl-cet.c
fn=_dl_cet_check
145 2 1 0 0 0
157 4 1 1 0 0
179 1 0 0 0 0
275 2 1 0 0 0
276 1 0 0 0 0
277 2 0 0 0 0
282 4 0 0 0 0
283 3 0 0 0 0
285 2 0 0 0 0
293 5 1 0 0 0
296 1 0 0 0 0
300 4 0 0 0 0
302 2 0 0 0 0
304 6 0 0 0 0
313 2 1 0 0 0
361 10 0 0 0 0
363 8 0 0 0 0
fn=_dl_cet_setup_features
331 1 0 0 0 0
334 2 1 0 0 0
350 1 0 0 0 0
fl=./elf/../sysdeps/x86_64/dl-hwcaps-subdirs.c
fn=_dl_hwcaps_subdirs_active
29 1 0 0 0 0
38 3 0 0 0 0
43 1 0 0 0 0
48 1 0 0 0 0
52 1 0 0 0 0
fl=./elf/../sysdeps/x86_64/dl-machine.h
fn=_dl_relocate_object
78 8 2 2 0 0
262 232 0 0 0 0
269 232 116 0 0 0
273 232 116 0 0 0
282 1160 257 25 0 0
285 250 0 0 0 0
286 94 47 15 0 0
287 436 109 1 0 0
312 696 116 1 116 17
315 19 0 0 0 0
318 19 0 0 0 0
395 48 16 0 0 0
397 64 16 0 0 0
401 48 0 0 0 0
410 32 0 0 0 0
418 202 0 0 0 0
431 7 1 0 0 0
471 94 0 0 0 0
473 47 0 0 47 47
474 47 0 0 0 0
493 18 0 0 0 0
494 6 0 0 0 0
498 12 6 0 0 0
499 12 0 0 0 0
725 20 4 1 0 0
729 6 3 0 0 0
fn=_dl_start
55 1 0 0 0 0
273 3 1 0 0 0
282 10 1 0 0 0
285 2 0 0 0 0
286 4 1 0 0 0
312 4 2 1 0 0
fn=_dl_sysdep_start
209 1 0 0 0 0
fl=./elf/./dl-find_object.h
fn=_dl_find_object_from_map
95 8 0 0 0 0
96 8 0 0 0 0
97 4 0 0 0 0
103 20 0 0 0 0
104 119 41 5 0 0
105 82 41 18 0 0
107 12 0 0 0 0
112 4 0 0 0 0
fl=./elf/./dl-hwcaps.h
fn=_dl_important_hwcaps
43 9 0 0 0 0
45 7 0 0 0 0
46 1 0 0 0 0
77 8 0 0 0 0
78 8 0 0 0 0
79 7 0 0 0 0
fl=./elf/./dl-load.h
fn=_dl_map_object_from_fd
91 16 8 1 0 0
92 4 1 0 0 0
93 5 1 0 0 0
94 4 0 0 0 0
96 4 0 0 0 0
fl=./elf/./dl-main.h
fn=dl_main
109 5 0 0 0 0
fl=./elf/./dl-map-segments.h
fn=_dl_map_object_from_fd
28 6 2 0 0 0
29 18 0 0 0 0
81 2 0 0 0 0
101 2 0 0 0 0
102 6 2 0 0 0
105 6 0 0 0 0
106 4 0 0 0 0
108 4 2 2 0 0
125 2 0 0 0 0
135 48 8 2 0 0
137 24 6 0 0 0
139 60 6 2 0 0
149 32 8 7 0 0
155 4 0 0 0 0
156 2 0 0 0 0
157 6 0 0 0 0
158 4 0 0 0 0
160 6 0 0 0 0
165 4 2 0 0 0
168 6 2 0 0 0
176 18 0 0 0 0
182 4 2 1 0 0
186 8 0 0 0 0
189 2 1 1 0 0
194 8 0 0 0 0
fl=./elf/./dl-sym-post.h
fn=lookup_malloc_symbol
41 8 4 0 0 0
53 12 4 0 0 0
fl=./elf/./elf/dl-audit.c
fn=_dl_audit_activity_map
29 7 0 0 0 0
30 1 0 0 0 0
31 3 1 1 0 0
37 6 0 0 0 0
fn=_dl_audit_activity_nsid
41 3 0 0 0 0
45 12 0 0 0 0
46 3 0 0 0 0
47 15 6 0 0 0
fn=_dl_audit_objclose
97 4 0 0 0 0
98 16 4 0 0 0
fn=_dl_audit_objopen
77 2 0 0 0 0
78 8 2 0 0 0
fn=_dl_audit_preinit
118 1 0 0 0 0
119 4 1 0 0 0
fl=./elf/./elf/dl-cache.c
fn=_dl_cache_libcmp
341 9 0 0 0 0
342 99 45 7 0 0
344 132 44 11 0 0
346 134 1 0 0 0
352 3 0 0 0 0
353 2 0 0 0 0
354 39 1 1 0 0
356 39 1 1 0 0
358 2 1 0 0 0
364 86 43 0 0 0
366 86 43 8 0 0
367 24 0 0 0 0
370 35 0 0 0 0
371 35 0 0 0 0
374 12 0 0 0 0
fn=_dl_load_cache_lookup
187 16 0 0 0 0
200 6 0 0 0 0
207 26 8 4 0 0
209 40 0 0 0 0
210 16 0 0 0 0
214 16 8 0 0 0
218 32 0 0 0 0
219 16 8 1 0 0
227 6 2 1 0 0
229 2 0 0 0 0
232 2 1 0 0 0
234 6 0 0 0 0
236 4 0 0 0 0
246 2 1 1 0 0
256 2 1 0 0 0
257 3 1 1 0 0
273 5 1 0 0 0
282 2 1 0 0 0
287 2 1 0 0 0
314 3 0 0 0 0
330 7 7 5 0 0
331 4 0 0 0 0
333 3 0 0 0 0
387 10 0 0 0 0
389 2 1 0 0 0
392 3 1 1 0 0
395 5 0 0 0 0
403 5 2 0 0 0
404 8 2 1 0 0
407 7 1 0 0 0
408 1 0 0 0 0
415 1 0 0 0 0
416 2 0 0 0 0
466 3 1 0 0 0
469 2 0 0 0 0
484 2 1 0 0 0
496 3 0 0 0 0
497 16 2 2 0 0
498 4 0 0 0 0
499 1 0 0 0 0
500 8 0 0 0 0
fn=_dl_unload_cache
509 3 0 0 0 0
510 4 1 1 0 0
512 2 0 0 0 0
513 1 0 0 0 0
517 1 0 0 0 0
519 2 0 0 0 0
fl=./elf/./elf/dl-call-libc-early-init.c
fn=_dl_call_libc_early_init
27 7 0 0 0 0
29 2 1 0 0 0
33 5 0 0 0 0
37 2 1 0 0 0
39 4 1 0 0 0
40 2 0 0 1 1
41 3 0 0 0 0
fl=./elf/./elf/dl-call_fini.c
fn=_dl_call_fini
24 32 0 0 0 0
28 8 4 0 0 0
32 4 0 0 0 0
34 4 0 0 0 0
35 8 4 2 0 0
38 4 0 0 0 0
39 6 0 0 0 0
42 16 4 0 0 0
43 2 0 0 2 2
47 4 0 0 0 0
48 8 4 2 0 0
49 6 0 0 2 2
50 22 0 0 0 0
fl=./elf/./elf/dl-catch.c
fn=_dl_catch_error
258 12 0 0 0 0
260 2 0 0 0 0
261 2 0 0 0 0
262 2 0 0 0 0
263 2 0 0 0 0
265 6 0 0 0 0
fn=_dl_catch_exception
58 9 3 3 0 0
59 6 0 0 0 0
69 6 3 0 0 0
70 15 0 0 0 0
208 24 0 0 0 0
211 6 3 0 0 0
218 3 0 0 0 0
232 3 0 0 0 0
233 6 0 0 0 0
239 18 3 0 0 0
241 9 0 0 3 2
243 12 0 0 0 0
252 9 0 0 0 0
fn=_dl_receive_error
58 2 1 0 0 0
59 1 0 0 0 0
69 2 1 0 0 0
70 2 0 0 0 0
190 7 0 0 0 0
192 1 0 0 0 0
196 1 0 0 0 0
198 1 0 0 1 1
201 1 0 0 0 0
202 4 0 0 0 0
fl=./elf/./elf/dl-debug.c
fn=_dl_debug_initialize
56 3 0 0 0 0
57 1 0 0 0 0
59 2 1 0 0 0
61 2 0 0 0 0
63 3 1 1 0 0
64 1 0 0 0 0
85 3 1 1 0 0
90 3 0 0 0 0
91 2 0 0 0 0
92 1 0 0 0 0
95 3 1 1 0 0
96 6 0 0 0 0
99 2 1 1 0 0
107 2 0 0 0 0
fn=_dl_debug_state
116 2 0 0 0 0
117 2 0 0 0 0
fn=_dl_debug_update
38 3 0 0 0 0
40 6 3 3 0 0
41 3 0 0 0 0
44 6 3 0 0 0
48 3 0 0 0 0
fl=./elf/./elf/dl-deps.c
fn=_dl_map_object_deps
128 3 0 0 0 0
129 5 0 0 0 0
130 6 0 0 0 0
132 2 0 0 0 0
136 8 0 0 0 0
143 13 0 0 0 0
144 20 2 2 0 0
160 9 2 0 0 0
161 1 0 0 0 0
164 1 0 0 0 0
182 1 0 0 0 0
183 5 0 0 0 0
184 1 0 0 0 0
188 9 0 0 0 0
190 10 0 0 0 0
193 4 0 0 0 0
197 12 4 4 0 0
198 25 11 2 0 0
201 8 2 0 0 0
205 4 0 0 0 0
208 16 8 3 0 0
210 10 2 2 0 0
215 4 0 0 0 0
216 2 0 0 0 0
217 4 0 0 0 0
218 4 0 0 0 0
219 2 0 0 0 0
221 238 58 9 0 0
222 112 56 6 0 0
228 24 2 2 0 0
230 2 0 0 0 0
232 12 0 0 0 0
233 4 2 1 0 0
242 2 0 0 0 0
244 4 2 0 0 0
249 14 2 2 0 0
252 2 0 0 0 0
253 2 0 0 0 0
254 2 0 0 0 0
255 4 0 0 0 0
256 2 0 0 0 0
257 2 0 0 0 0
259 8 0 0 0 0
263 6 2 1 0 0
264 3 0 0 0 0
266 162 54 5 0 0
417 8 4 2 0 0
419 10 0 0 0 0
422 4 0 0 0 0
423 8 2 0 0 0
429 2 0 0 0 0
430 12 0 0 0 0
431 10 0 0 0 0
434 2 0 0 0 0
435 4 0 0 0 0
439 12 4 4 0 0
441 4 0 0 0 0
442 17 7 6 0 0
448 5 1 0 0 0
449 1 0 0 0 0
452 4 1 1 0 0
463 5 0 0 0 0
465 4 1 0 0 0
470 5 0 0 0 0
471 1 0 0 0 0
472 3 0 0 0 0
474 16 5 2 0 0
478 4 0 0 0 0
483 8 4 3 0 0
485 12 0 0 0 0
490 4 0 0 0 0
494 2 0 0 0 0
495 3 1 1 0 0
532 2 1 0 0 0
533 2 1 1 0 0
547 9 0 0 0 0
552 9 0 0 0 0
553 5 0 0 0 0
557 1 0 0 0 0
559 2 0 0 0 0
560 1 0 0 0 0
561 3 1 1 0 0
568 3 1 1 0 0
571 2 1 0 0 0
574 8 0 0 0 0
fn=openaux
61 12 0 0 0 0
64 22 0 0 0 0
65 2 0 0 0 0
68 2 0 0 0 0
69 6 0 0 0 0
fl=./elf/./elf/dl-environ.c
fn=_dl_next_ld_env_entry
28 3 0 0 0 0
29 3 0 0 0 0
32 217 72 2 0 0
34 142 71 18 0 0
35 18 9 4 0 0
37 2 0 0 0 0
40 4 0 0 0 0
42 2 0 0 0 0
45 69 0 0 0 0
fl=./elf/./elf/dl-find_object.c
fn=_dl_find_object_init
562 5 0 0 0 0
565 1 0 0 0 0
567 2 1 1 0 0
568 3 0 0 0 0
580 2 0 0 0 0
581 3 0 0 0 0
583 2 1 0 0 0
586 2 1 0 0 0
591 1 0 0 0 0
592 1 0 0 0 0
595 3 1 1 0 0
597 2 0 0 0 0
600 6 0 0 0 0
602 1 0 0 0 0
605 4 0 0 0 0
fn=_dlfo_process_initial
475 8 0 0 0 0
476 2 0 0 0 0
478 2 0 0 0 0
479 4 2 0 0 0
505 24 4 0 0 0
506 22 10 4 0 0
507 8 0 0 0 0
509 28 14 2 0 0
512 24 6 4 0 0
514 18 6 3 0 0
516 6 0 0 0 0
517 6 0 0 0 0
518 12 0 0 0 0
530 2 0 0 0 0
532 8 0 0 0 0
fn=_dlfo_sort_mappings
537 1 0 0 0 0
538 2 1 0 0 0
541 12 2 1 0 0
545 4 0 0 0 0
546 23 5 1 0 0
547 15 3 1 0 0
549 2 0 0 0 0
550 2 0 0 0 0
554 8 0 0 0 0
555 10 0 0 0 0
556 4 0 0 0 0
558 1 0 0 0 0
fl=./elf/./elf/dl-fini.c
fn=_dl_fini
26 11 0 0 0 0
43 1 0 0 0 0
46 13 2 1 0 0
49 2 0 0 1 1
51 1 0 0 0 0
54 2 1 0 0 0
56 5 1 0 0 0
61 1 0 0 0 0
63 4 0 0 0 0
68 18 2 2 0 0
73 16 5 5 0 0
75 8 4 0 0 0
77 8 4 0 0 0
79 8 0 0 0 0
80 4 0 0 0 0
81 4 0 0 0 0
85 4 0 0 0 0
87 6 1 0 0 0
88 6 1 1 0 0
94 6 0 0 0 0
103 2 0 0 1 1
108 28 5 3 0 0
110 4 0 0 0 0
112 8 4 4 0 0
114 16 0 0 0 0
117 8 0 0 0 0
122 4 0 0 0 0
126 5 0 0 0 0
132 6 2 0 0 0
134 1 0 0 0 0
138 2 1 0 0 0
145 8 0 0 0 0
fl=./elf/./elf/dl-hwcaps.c
fn=_dl_important_hwcaps
52 16 4 2 0 0
54 2 0 0 0 0
55 4 0 0 0 0
56 2 0 0 0 0
57 2 0 0 0 0
77 16 4 2 0 0
80 16 0 0 0 0
84 2 0 0 0 0
86 6 0 0 0 0
87 2 0 0 0 0
88 2 0 0 0 0
100 5 0 0 0 0
102 3 1 0 0 0
105 1 0 0 0 0
108 1 0 0 0 0
112 5 1 0 0 0
125 12 3 2 0 0
127 10 0 0 0 0
128 4 0 0 0 0
129 4 0 0 0 0
130 2 0 0 0 0
133 3 1 0 0 0
142 13 2 0 0 0
143 13 1 0 0 0
145 8 0 0 0 0
151 5 0 0 0 0
155 4 0 0 0 0
156 2 1 0 0 0
157 3 1 0 0 0
161 1 0 0 0 0
162 2 0 0 0 0
163 2 0 0 0 0
172 14 0 0 0 0
174 2 0 0 0 0
175 3 0 0 0 0
185 2 0 0 0 0
186 3 0 0 0 0
189 3 0 0 0 0
193 2 0 0 0 0
194 2 1 0 0 0
201 1 0 0 0 0
202 5 0 0 0 0
208 2 0 0 0 0
209 1 0 0 0 0
213 3 0 0 0 0
216 9 0 0 0 0
fl=./elf/./elf/dl-hwcaps_split.c
fn=_dl_hwcaps_split
25 5 0 0 0 0
26 3 1 1 0 0
27 1 0 0 0 0
47 4 0 0 0 0
fn=_dl_hwcaps_split_masked
26 33 11 9 0 0
30 24 0 0 0 0
34 90 18 6 0 0
35 12 0 0 0 0
36 24 12 3 0 0
41 36 0 0 0 0
42 18 9 2 0 0
43 12 0 0 0 0
45 6 0 0 0 0
51 110 0 0 0 0
55 5 0 0 0 0
56 18 0 0 0 0
57 27 0 0 0 0
58 24 9 4 0 0
60 6 0 0 0 0
62 88 0 0 0 0
67 12 6 4 0 0
fl=./elf/./elf/dl-init.c
fn=_dl_init
29 10 5 1 0 0
35 25 5 0 0 0
37 26 5 1 0 0
81 13 0 0 0 0
82 1 0 0 0 0
83 1 0 0 0 0
86 3 1 1 0 0
89 2 0 0 0 0
94 4 1 0 0 0
119 1 0 0 0 0
120 20 5 2 0 0
121 8 0 0 0 0
127 8 0 0 0 0
fn=call_init.part.0
26 48 0 0 0 0
43 12 0 0 0 0
46 12 4 1 0 0
47 2 1 1 0 0
51 6 3 0 0 0
59 9 3 2 0 0
60 6 0 0 1 1
63 3 0 0 0 0
64 6 3 1 0 0
70 6 0 0 0 0
72 4 0 0 0 0
73 26 6 2 0 0
74 16 0 0 4 4
76 32 0 0 0 0
fl=./elf/./elf/dl-load.c
fn=_dl_dst_count
227 18 0 0 0 0
230 4 0 0 0 0
233 4 2 0 0 0
234 2 0 0 0 0
253 18 0 0 0 0
fn=_dl_init_paths
695 13 0 0 0 0
709 4 0 0 0 0
714 1 0 0 0 0
716 3 1 0 0 0
723 3 0 0 0 0
724 2 0 0 0 0
728 4 0 0 0 0
730 4 1 0 0 0
736 1 0 0 0 0
737 1 0 0 0 0
745 8 0 0 0 0
747 8 0 0 0 0
748 4 0 0 0 0
750 5 0 0 0 0
751 7 0 0 0 0
752 4 0 0 0 0
755 13 3 0 0 0
756 10 4 3 0 0
757 18 0 0 0 0
759 32 4 1 0 0
765 1 0 0 0 0
766 1 0 0 0 0
771 1 0 0 0 0
774 3 0 0 0 0
776 4 1 0 0 0
778 3 1 1 0 0
795 1 0 0 0 0
797 3 1 1 0 0
811 2 0 0 0 0
814 5 2 1 0 0
816 23 2 2 0 0
820 2 0 0 0 0
821 60 15 10 0 0
822 14 0 0 0 0
823 28 0 0 0 0
825 1 0 0 0 0
826 1 0 0 0 0
827 2 1 0 0 0
833 6 0 0 0 0
836 3 1 0 0 0
842 1 0 0 0 0
846 8 0 0 0 0
fn=_dl_map_object
671 11 3 3 0 0
685 5 0 0 0 0
1922 36 0 0 0 0
1924 2 0 0 0 0
1930 6 3 0 0 0
1931 12 3 0 0 0
1934 51 9 2 0 0
1939 49 7 0 0 0
1941 35 7 1 0 0
1945 12 6 0 0 0
1946 18 6 2 0 0
1949 10 2 2 0 0
1950 6 0 0 0 0
1951 10 2 2 0 0
1965 8 2 0 0 0
1966 6 0 0 0 0
1974 6 2 0 0 0
1989 2 0 0 0 0
1991 10 2 1 0 0
1995 4 0 0 0 0
1997 2 1 0 0 0
2004 4 2 1 0 0
2008 1 0 0 0 0
2009 1 0 0 0 0
2013 3 1 1 0 0
2014 1 0 0 0 0
2028 5 0 0 0 0
2029 8 2 0 0 0
2030 1 0 0 0 0
2039 3 1 1 0 0
2054 2 1 0 0 0
2055 16 1 1 0 0
2061 3 1 1 0 0
2062 1 0 0 0 0
2070 2 1 0 0 0
2072 3 1 1 0 0
2076 3 0 0 0 0
2078 2 1 1 0 0
2082 2 1 0 0 0
2090 2 1 1 0 0
2113 9 0 0 0 0
2117 3 1 0 0 0
2118 1 0 0 0 0
2135 2 1 0 0 0
2141 1 0 0 0 0
2142 4 0 0 0 0
2143 2 1 0 0 0
2144 2 1 0 0 0
2148 9 0 0 0 0
2151 3 1 0 0 0
2163 8 0 0 0 0
2208 4 0 0 0 0
2209 34 0 0 0 0
2211 29 0 0 0 0
fn=_dl_map_object_from_fd
933 28 0 0 0 0
948 8 2 2 0 0
978 35 7 4 0 0
979 10 5 0 0 0
997 4 2 2 0 0
1025 8 2 0 0 0
1035 4 2 0 0 0
1042 16 0 0 0 0
1043 4 2 0 0 0
1054 4 0 0 0 0
1055 6 0 0 0 0
1056 4 0 0 0 0
1058 6 0 0 0 0
1059 8 2 1 0 0
1060 2 0 0 0 0
1063 17 2 2 0 0
1064 6 1 1 0 0
1075 2 0 0 0 0
1077 2 0 0 0 0
1079 44 4 2 0 0
1080 2 0 0 0 0
1081 2 0 0 0 0
1082 2 0 0 0 0
1083 2 0 0 0 0
1089 87 27 0 0 0
1090 213 106 31 0 0
1096 4 2 0 0 0
1103 5 0 0 0 0
1104 6 0 0 0 0
1105 20 0 0 0 0
1110 2 0 0 0 0
1111 1 0 0 0 0
1116 62 8 0 0 0
1124 40 0 0 0 0
1125 52 0 0 0 0
1126 40 0 0 0 0
1127 8 0 0 0 0
1128 16 0 0 0 0
1130 56 0 0 0 0
1132 16 0 0 0 0
1145 34 8 2 0 0
1151 8 0 0 0 0
1152 82 0 0 0 0
1165 3 1 0 0 0
1169 4 0 0 0 0
1170 1 0 0 0 0
1174 5 0 0 0 0
1175 2 0 0 0 0
1178 1 0 0 0 0
1183 4 1 1 0 0
1198 4 0 0 0 0
1199 2 0 0 0 0
1202 6 0 0 0 0
1207 14 2 0 0 0
1217 40 8 6 0 0
1218 16 0 0 0 0
1224 4 2 0 0 0
1234 8 4 0 0 0
1241 14 0 0 0 0
1253 2 0 0 0 0
1257 8 2 0 0 0
1258 6 0 0 0 0
1264 4 0 0 0 0
1265 4 2 2 0 0
1267 4 2 2 0 0
1277 6 2 0 0 0
1296 6 0 0 0 0
1298 12 2 0 0 0
1316 6 2 1 0 0
1317 2 0 0 0 0
1323 66 27 5 0 0
1324 117 46 26 0 0
1330 33 0 0 0 0
1335 8 2 0 0 0
1348 4 2 0 0 0
1350 8 0 0 0 0
1352 4 2 0 0 0
1368 4 0 0 0 0
1372 4 2 0 0 0
1373 4 2 0 0 0
1390 4 2 1 0 0
1391 1 0 0 0 0
1394 4 0 0 0 0
1399 4 2 0 0 0
1404 4 2 0 0 0
1416 16 2 2 0 0
1417 6 2 1 0 0
1418 9 2 1 0 0
1419 3 0 0 0 0
1420 5 0 0 0 0
1426 4 2 1 0 0
1427 4 1 0 0 0
1432 2 0 0 0 0
1439 6 0 0 0 0
1442 4 2 0 0 0
1446 6 0 0 0 0
1447 6 2 2 0 0
1465 4 2 2 0 0
1469 14 2 0 0 0
1470 8 0 0 0 0
1474 18 0 0 0 0
fn=_dl_process_pt_gnu_property
857 6 0 0 0 0
858 6 0 0 0 0
859 3 0 0 0 0
865 6 3 0 0 0
871 15 3 0 0 0
874 9 3 0 0 0
875 6 3 0 0 0
876 6 3 0 0 0
879 9 3 0 0 0
880 9 3 0 0 0
884 3 0 0 0 0
885 6 0 0 0 0
889 10 0 0 0 0
890 5 0 0 0 0
893 10 5 0 0 0
896 5 0 0 0 0
897 20 5 0 0 0
907 9 0 0 0 0
909 12 3 1 0 0
fn=expand_dynamic_string_token
230 6 0 0 0 0
233 4 2 0 0 0
374 20 0 0 0 0
388 4 0 0 0 0
399 14 0 0 0 0
fn=fillin_rpath.isra.0
457 18 0 0 0 0
461 1 0 0 0 0
463 12 2 1 0 0
470 2 1 0 0 0
472 6 0 0 0 0
476 2 1 0 0 0
481 3 0 0 0 0
482 2 1 1 0 0
489 5 2 2 0 0
494 2 0 0 0 0
498 15 5 2 0 0
499 8 4 4 0 0
517 4 1 1 0 0
521 4 0 0 0 0
523 2 1 0 0 0
527 1 0 0 0 0
528 2 0 0 0 0
529 4 0 0 0 0
530 1 0 0 0 0
532 2 1 1 0 0
538 4 0 0 0 0
539 14 4 1 0 0
540 4 0 0 0 0
542 2 0 0 0 0
543 3 1 1 0 0
544 1 0 0 0 0
550 2 0 0 0 0
551 1 0 0 0 0
554 3 0 0 0 0
560 1 0 0 0 0
563 8 0 0 0 0
fn=open_path
1767 11 0 0 0 0
1768 2 0 0 0 0
1771 1 0 0 0 0
1772 2 0 0 0 0
1774 2 1 0 0 0
1777 2 0 0 0 0
1779 21 2 2 0 0
1782 2 0 0 0 0
1786 1 0 0 0 0
1790 6 1 0 0 0
1797 8 0 0 0 0
1798 22 5 2 0 0
1801 6 3 0 0 0
1806 33 0 0 0 0
1809 6 0 0 0 0
1815 9 3 0 0 0
1818 24 0 0 0 0
1820 9 3 2 0 0
1822 6 3 1 0 0
1827 6 3 0 0 0
1828 21 3 2 0 0
1834 9 0 0 0 0
1836 23 3 2 0 0
1837 5 1 0 0 0
1839 3 0 0 0 0
1841 5 0 0 0 0
1892 9 3 0 0 0
1896 2 0 0 0 0
1898 4 1 0 0 0
1901 3 1 1 0 0
1915 9 0 0 0 0
fn=open_verify.constprop.0
1527 60 0 0 0 0
1559 15 5 0 0 0
1564 6 0 0 0 0
1578 25 0 0 0 0
1580 10 5 2 0 0
1588 2 0 0 0 0
1589 6 0 0 0 0
1594 14 0 0 0 0
1596 4 2 0 0 0
1598 6 0 0 0 0
1600 4 2 0 0 0
1606 4 2 0 0 0
1623 29 9 3 0 0
1704 4 2 0 0 0
1709 4 2 0 0 0
1715 8 2 0 0 0
1721 4 2 0 0 0
1727 8 0 0 0 0
1728 8 2 1 0 0
1732 16 2 2 0 0
1733 5 1 1 0 0
1754 45 0 0 0 0
fl=./elf/./elf/dl-lookup-direct.c
fn=_dl_lookup_direct
32 15 3 3 0 0
33 9 0 0 0 0
35 6 0 0 0 0
36 6 3 0 0 0
48 12 3 0 0 0
51 6 0 0 0 0
53 18 3 0 0 0
57 9 0 0 0 0
58 21 3 0 0 0
59 15 3 0 0 0
74 39 0 0 0 0
76 6 3 0 0 0
78 21 0 0 0 0
79 6 3 0 0 0
81 15 0 0 0 0
84 25 5 2 0 0
86 12 0 0 0 0
93 6 2 2 0 0
115 3 0 0 0 0
116 27 0 0 0 0
fl=./elf/./elf/dl-lookup.c
fn=_dl_lookup_symbol_x
772 1274 0 0 0 0
774 392 0 0 0 0
776 882 0 0 0 0
778 98 0 0 0 0
782 374 187 8 0 0
784 107 0 0 0 0
785 196 98 0 0 0
791 819 105 2 0 0
792 2345 98 2 0 0
797 196 98 2 0 0
799 42 14 2 0 0
816 196 0 0 0 0
817 21 0 0 0 0
820 196 0 0 0 0
821 625 178 3 0 0
856 819 91 0 0 0
870 273 91 1 0 0
871 2 0 0 0 0
873 182 91 0 0 0
880 28 0 0 0 0
892 882 0 0 0 0
fn=check_match
70 1395 0 0 0 0
73 744 95 2 0 0
78 4 0 0 0 0
86 455 91 0 0 0
89 368 122 10 0 0
93 91 0 0 0 0
94 182 91 4 0 0
96 178 89 0 0 0
115 178 0 0 0 0
116 712 89 7 0 0
117 445 89 6 0 0
144 4 2 0 0 0
146 12 2 2 0 0
147 8 0 0 0 0
161 91 0 0 0 0
162 744 0 0 0 0
fn=do_lookup_x
347 1372 0 0 0 0
348 98 0 0 0 0
353 98 0 0 0 0
354 98 0 0 0 0
358 644 0 0 0 0
361 644 322 2 0 0
365 840 322 11 0 0
386 644 322 11 0 0
390 644 322 0 0 0
396 966 322 0 0 0
400 322 0 0 0 0
401 322 0 0 0 0
404 1610 322 4 0 0
405 966 0 0 0 0
408 322 0 0 0 0
409 644 322 0 0 0
411 322 0 0 0 0
412 686 0 0 0 0
413 644 0 0 0 0
416 1288 0 0 0 0
419 2254 322 95 0 0
422 186 0 0 0 0
423 279 0 0 0 0
424 186 93 0 0 0
426 186 0 0 0 0
429 1030 206 83 0 0
431 279 0 0 0 0
432 2325 0 0 0 0
433 186 0 0 0 0
436 279 93 6 0 0
439 349 115 2 0 0
448 16 0 0 0 0
453 819 0 0 0 0
470 4 2 2 0 0
476 182 91 0 0 0
483 700 259 8 0 0
487 21 7 2 0 0
499 182 0 0 0 0
500 91 0 0 0 0
501 91 0 0 0 0
518 693 231 7 0 0
521 14 0 0 0 0
522 784 0 0 0 0
fl=./elf/./elf/dl-minimal-malloc.c
fn=__minimal_calloc
80 40 0 0 0 0
84 8 0 0 0 0
87 8 0 0 0 0
88 24 8 8 0 0
fn=__minimal_free
97 1 0 0 0 0
99 4 1 0 0 0
fn=__minimal_malloc
36 192 0 0 0 0
37 72 24 1 0 0
42 3 0 0 0 0
43 2 0 0 0 0
44 2 0 0 0 0
48 95 0 0 0 0
51 160 46 2 0 0
56 8 0 0 0 0
57 8 2 0 0 0
59 2 0 0 0 0
60 16 0 0 0 0
62 4 2 0 0 0
64 8 0 0 0 0
65 6 2 0 0 0
67 6 0 0 0 0
70 24 0 0 0 0
71 26 0 0 0 0
73 144 0 0 0 0
fl=./elf/./elf/dl-minimal.c
fn=__rtld_malloc_init_real
76 10 0 0 0 0
86 2 0 0 0 0
87 1 0 0 0 0
89 1 0 0 0 0
91 6 0 0 0 0
92 5 0 0 0 0
93 5 0 0 0 0
94 4 0 0 0 0
99 1 0 0 0 0
100 1 0 0 0 0
101 1 0 0 0 0
102 1 0 0 0 0
103 8 0 0 0 0
fn=__rtld_malloc_init_stubs
42 1 0 0 0 0
43 2 0 0 0 0
44 2 0 0 0 0
45 2 0 0 0 0
46 2 0 0 0 0
47 1 0 0 0 0
fn=lookup_malloc_symbol
61 36 0 0 0 0
63 4 0 0 0 0
64 28 0 0 0 0
68 28 4 0 0 0
69 28 4 0 0 0
71 4 0 0 0 0
72 24 0 0 0 0
fn=strsep
239 2 0 0 0 0
242 4 2 0 0 0
244 2 0 0 0 0
245 4 2 1 0 0
247 2 0 0 0 0
249 47 15 4 0 0
251 28 0 0 0 0
254 56 28 7 0 0
256 84 28 3 0 0
264 14 0 0 0 0
267 1 0 0 0 0
271 4 0 0 0 0
fl=./elf/./elf/dl-misc.c
fn=_dl_name_match_p
68 98 0 0 0 0
69 56 14 0 0 0
70 3 0 0 0 0
72 14 0 0 0 0
74 58 29 19 0 0
75 90 18 8 0 0
80 15 0 0 0 0
82 11 0 0 0 0
83 56 0 0 0 0
fn=_dl_sysdep_read_whole_file
36 11 0 0 0 0
39 3 0 0 0 0
40 2 1 1 0 0
42 6 1 0 0 0
44 2 0 0 0 0
47 2 1 1 0 0
49 8 0 0 0 0
60 3 0 0 0 0
63 8 0 0 0 0
fl=./elf/./elf/dl-object.c
fn=_dl_add_to_namespace_list
31 27 0 0 0 0
33 9 0 0 3 1
35 26 3 1 0 0
38 20 5 3 0 0
40 2 0 0 0 0
42 2 0 0 0 0
45 2 0 0 0 0
46 9 0 0 0 0
47 6 0 0 0 0
48 6 0 0 0 0
50 6 0 0 3 1
51 15 0 0 0 0
fn=_dl_new_object
59 45 0 0 0 0
62 6 3 1 0 0
64 2 1 1 0 0
66 3 1 0 0 0
67 2 1 0 0 0
71 6 0 0 0 0
77 2 0 0 0 0
80 4 0 0 0 0
83 11 0 0 0 0
87 4 0 0 0 0
92 2 0 0 0 0
95 6 3 0 0 0
98 3 0 0 0 0
99 3 0 0 0 0
100 6 0 0 0 0
103 6 0 0 0 0
104 21 0 0 0 0
106 3 0 0 0 0
119 13 5 4 0 0
123 2 0 0 0 0
125 1 0 0 0 0
127 21 0 0 0 0
130 6 3 3 0 0
131 6 0 0 0 0
132 3 0 0 0 0
136 3 0 0 0 0
139 34 12 9 0 0
141 20 1 1 0 0
149 6 0 0 0 0
150 3 0 0 0 0
153 1 0 0 0 0
155 18 3 3 0 0
157 8 0 0 0 0
160 8 3 0 0 0
164 8 2 0 0 0
168 14 4 4 0 0
176 1 0 0 0 0
179 6 0 0 0 0
189 12 3 1 0 0
191 8 0 0 0 0
195 6 2 0 0 0
199 4 0 0 0 0
200 4 2 0 0 0
208 2 0 0 0 0
212 2 0 0 0 0
245 8 0 0 0 0
250 84 0 0 0 0
251 84 42 17 0 0
255 4 0 0 0 0
256 2 0 0 0 0
259 2 0 0 0 0
263 27 0 0 0 0
fl=./elf/./elf/dl-reloc.c
fn=_dl_relocate_object
170 652 163 25 0 0
171 202 101 5 0 0
174 1045 195 11 0 0
175 84 35 2 0 0
177 7 0 0 0 0
178 28 0 0 0 0
182 188 94 0 0 0
183 94 0 0 0 0
184 94 0 0 0 0
186 758 94 4 0 0
187 179 0 0 0 0
188 440 176 7 0 0
189 88 0 0 0 0
190 705 3 0 0 0
193 94 0 0 0 0
194 658 0 0 0 0
196 7 0 0 0 0
207 55 0 0 0 0
208 10 5 1 0 0
220 8 0 0 0 0
221 12 0 0 0 0
224 8 0 0 0 0
226 8 4 0 0 0
228 4 0 0 0 0
229 12 4 4 0 0
251 20 4 4 0 0
252 8 4 2 0 0
253 4 0 0 0 0
255 8 4 0 0 0
262 16 4 0 0 0
301 10317 2935 430 0 0
304 20 4 0 0 0
328 4 0 0 0 0
331 8 4 0 0 0
348 12 4 4 0 0
350 40 0 0 0 0
356 24 0 0 0 0
359 8 0 0 0 0
363 8 4 0 0 0
364 24 4 3 0 0
fl=./elf/./elf/dl-setup_hash.c
fn=_dl_setup_hash
25 8 0 0 0 0
28 12 4 0 0 0
31 12 4 0 0 0
32 8 0 0 0 0
33 4 0 0 0 0
34 4 0 0 0 0
36 12 4 0 0 0
37 4 0 0 0 0
38 12 0 0 0 0
40 4 0 0 0 0
41 8 0 0 0 0
43 4 0 0 0 0
45 12 0 0 0 0
50 4 0 0 0 0
fl=./elf/./elf/dl-sort-maps.c
fn=_dl_sort_maps
140 40 8 0 0 0
181 2 0 0 0 0
182 2 0 0 0 0
183 34 10 6 0 0
184 16 0 0 0 0
211 34 4 2 0 0
216 4 0 0 0 0
218 2 0 0 0 0
219 18 0 0 0 0
221 18 6 0 0 0
223 8 0 0 0 0
226 24 8 5 0 0
244 8 2 2 0 0
263 6 0 0 0 0
276 8 4 2 0 0
283 2 0 0 0 0
298 26 0 0 0 0
306 6 2 2 0 0
310 18 0 0 0 0
fn=_dl_sort_maps_init
289 4 0 0 0 0
290 4 0 0 0 0
291 1 0 0 0 0
292 3 0 0 0 0
293 2 0 0 0 0
fn=dfs_traversal.part.0
135 72 0 0 0 0
140 20 10 0 0 0
143 8 0 0 0 0
145 24 8 3 0 0
147 60 15 5 0 0
156 28 12 8 0 0
171 24 0 0 0 0
172 8 0 0 0 0
173 48 0 0 0 0
fl=./elf/./elf/dl-tunables.c
fn=__GI___tunable_set_val
73 60 12 0 0 0
83 6 0 0 0 0
94 24 6 0 0 0
95 30 6 0 0 0
98 12 6 3 0 0
101 42 0 0 0 0
105 12 6 3 0 0
112 12 6 0 0 0
113 12 6 2 0 0
116 30 0 0 0 0
117 6 0 0 0 0
118 6 0 0 0 0
119 6 0 0 0 0
162 42 0 0 0 0
166 18 0 0 0 0
fn=__GI___tunables_init
43 360 144 1 0 0
46 71 0 0 0 0
49 6937 1982 83 0 0
53 142 71 0 0 0
57 284 0 0 0 0
294 10 0 0 0 0
300 3 1 0 0 0
304 32 27 10 0 0
306 1 0 0 0 0
317 1988 639 91 0 0
319 3834 0 0 0 0
320 1917 0 0 0 0
322 1917 639 21 0 0
340 5 1 0 0 0
343 27 9 1 0 0
346 27 9 4 0 0
355 8 0 0 0 0
fn=__tunable_get_val
438 72 0 0 0 0
441 426 69 17 0 0
450 47 0 0 0 0
451 14 0 0 0 0
460 28 0 0 0 0
467 216 36 31 0 0
469 36 0 0 0 0
fl=./elf/./elf/dl-tunables.h
fn=__GI___tunable_set_val
142 12 0 0 0 0
151 6 0 0 0 0
fn=__GI___tunables_init
160 1261 80 14 0 0
161 3231 861 72 0 0
fl=./elf/./elf/dl-version.c
fn=_dl_check_all_versions
392 7 0 0 0 0
394 3 0 0 0 0
396 17 5 3 0 0
397 4 0 0 0 0
398 24 4 4 0 0
401 7 0 0 0 0
fn=_dl_check_map_versions
36 26 7 2 0 0
37 5 0 0 0 0
38 37 7 4 0 0
56 24 6 6 0 0
64 18 6 0 0 0
70 18 6 0 0 0
86 6 0 0 0 0
87 12 6 0 0 0
89 6 0 0 0 0
94 140 55 6 0 0
108 110 55 6 0 0
110 6 0 0 0 0
113 48 6 0 0 0
120 147 49 0 0 0
124 49 0 0 0 0
155 40 0 0 0 0
156 4 0 0 0 0
164 6 0 0 0 0
170 12 4 0 0 0
172 20 4 0 0 0
174 4 0 0 0 0
175 4 0 0 0 0
177 8 4 2 0 0
180 6 0 0 0 0
184 18 2 0 0 0
200 6 0 0 0 0
208 6 2 0 0 0
213 6 0 0 0 0
215 4 0 0 0 0
217 24 0 0 0 0
218 46 6 4 0 0
221 12 0 0 0 0
224 18 6 3 0 0
228 4 0 0 0 0
231 24 0 0 0 0
234 18 6 2 0 0
239 4 0 0 0 0
243 6 2 2 0 0
257 15 4 2 0 0
260 4 0 0 0 0
263 198 0 0 0 0
266 150 48 13 0 0
270 46 0 0 0 0
274 9 3 1 0 0
279 3 0 0 0 0
280 12 0 0 0 0
281 9 3 2 0 0
291 3 0 0 0 0
294 17 3 0 0 0
296 6 3 1 0 0
299 10 0 0 0 0
303 6 0 0 0 0
306 18 0 0 0 0
308 24 6 6 0 0
310 30 0 0 0 0
311 12 0 0 0 0
312 18 0 0 0 0
313 18 0 0 0 0
316 18 6 2 0 0
321 4 0 0 0 0
324 6 2 2 0 0
334 6 3 1 0 0
337 4 0 0 0 0
341 46 0 0 0 0
343 96 48 10 0 0
347 46 0 0 0 0
348 230 0 0 0 0
349 138 0 0 0 0
350 46 0 0 0 0
353 144 48 4 0 0
357 46 0 0 0 0
365 4 2 1 0 0
366 4 2 0 0 0
367 4 2 1 0 0
368 2 1 1 0 0
370 4 1 1 0 0
372 124 31 1 0 0
373 60 30 3 0 0
375 2 0 0 0 0
376 7 1 1 0 0
387 36 0 0 0 0
fl=./elf/./elf/do-rel.h
fn=_dl_relocate_object
48 8 0 0 0 0
49 32 0 0 0 0
51 4 0 0 0 0
53 72 0 0 0 0
72 3 0 0 0 0
73 4 0 0 0 0
80 24 8 8 0 0
114 24 0 0 0 0
123 38 14 11 0 0
124 12 0 0 0 0
126 24 8 2 0 0
129 24 6 0 0 0
131 658 163 19 0 0
133 785 0 0 0 0
134 628 0 0 0 0
135 471 0 0 0 0
136 628 0 0 0 0
138 471 157 6 0 0
141 188 0 0 0 0
142 47 0 0 0 0
143 47 0 0 0 0
147 110 0 0 0 0
150 346 110 5 0 0
151 57 19 2 0 0
164 12 3 1 0 0
165 210 66 21 0 0
166 192 64 7 0 0
169 141 0 0 0 0
171 188 0 0 0 0
172 47 0 0 0 0
173 94 0 0 0 0
180 36 8 6 0 0
182 42 0 0 0 0
183 12 0 0 0 0
185 18 6 0 0 0
193 6 0 0 0 0
196 18 6 0 0 0
211 2 1 1 0 0
fn=_dl_start
48 2 0 0 0 0
49 8 0 0 0 0
51 1 0 0 0 0
53 16 0 0 0 0
56 4 2 2 0 0
61 7 3 1 0 0
63 3 0 0 0 0
64 2 0 0 0 0
65 1 0 0 0 0
fl=./elf/./elf/get-dynamic-info.h
fn=_dl_map_object_from_fd
39 4 2 0 0 0
43 2 0 0 0 0
45 194 49 4 0 0
49 94 47 28 0 0
51 26 13 3 0 0
52 13 0 0 0 0
53 3 0 0 0 0
54 42 10 2 0 0
55 34 0 0 0 0
56 10 2 0 0 0
59 8 2 1 0 0
62 8 2 0 0 0
64 8 0 0 0 0
68 47 0 0 0 0
72 8 4 2 0 0
84 7 2 1 0 0
85 8 2 0 0 0
86 8 2 0 0 0
87 8 2 0 0 0
88 7 2 1 0 0
89 7 2 2 0 0
90 7 2 1 0 0
91 8 2 0 0 0
103 16 4 0 0 0
110 7 2 1 0 0
115 2 1 0 0 0
122 2 1 0 0 0
123 6 2 0 0 0
129 6 2 1 0 0
130 3 1 0 0 0
147 6 2 1 0 0
152 2 0 0 0 0
154 2 1 1 0 0
156 2 1 1 0 0
158 2 1 0 0 0
159 1 0 0 0 0
162 6 2 0 0 0
164 6 0 0 0 0
165 4 2 2 0 0
174 4 0 0 0 0
175 6 2 2 0 0
180 4 2 1 0 0
181 2 0 0 0 0
184 4 2 2 0 0
fl=./elf/./elf/libc_early_init.c
fn=__libc_early_init
33 8 0 0 0 0
35 1 0 0 0 0
38 2 0 0 0 0
41 2 0 0 0 0
47 4 1 0 0 0
49 2 0 0 0 0
fl=./elf/./elf/rtld.c
fn=_dl_start
85 8 0 0 0 0
458 2 0 0 0 0
476 3 0 0 0 0
477 1 0 0 0 0
478 2 0 0 0 0
488 1 0 0 0 0
494 4 0 0 0 0
496 2 1 0 0 0
517 16 0 0 0 0
543 1 0 0 0 0
546 2 0 0 0 0
547 4 0 0 0 0
563 214 51 24 0 0
565 1 0 0 0 0
578 1 0 0 0 0
585 9 0 0 0 0
fn=dl_main
85 17 0 0 0 0
92 12 0 0 0 0
93 2 0 0 0 0
101 9 0 0 0 0
197 2 0 0 0 0
199 1 0 0 0 0
224 3 0 0 0 0
225 5 1 1 0 0
226 4 2 1 0 0
296 3 0 0 0 0
302 1 0 0 0 0
303 1 0 0 0 0
839 1 0 0 0 0
841 1 0 0 0 0
850 1 0 0 0 0
852 1 0 0 0 0
857 1 0 0 0 0
1117 1 0 0 0 0
1118 1 0 0 0 0
1120 1 0 0 0 0
1124 3 0 0 0 0
1126 1 0 0 0 0
1127 1 0 0 0 0
1142 1 0 0 0 0
1145 46 14 11 0 0
1146 117 29 7 9 5
1150 3 0 0 0 0
1155 3 0 0 0 0
1156 9 0 0 0 0
1165 3 0 0 0 0
1166 2 0 0 0 0
1168 1 0 0 0 0
1175 3 1 0 0 0
1193 1 0 0 0 0
1201 8 0 0 0 0
1202 17 0 0 0 0
1203 8 4 3 0 0
1204 1 0 0 0 0
1206 12 0 0 0 0
1207 14 7 3 0 0
1211 8 0 0 0 0
1212 8 4 0 0 0
1213 4 0 0 0 0
1217 12 0 0 0 0
1245 2 0 0 0 0
1249 3 0 0 0 0
1255 28 13 1 0 0
1256 61 24 12 0 0
1262 17 0 0 0 0
1268 4 1 1 0 0
1271 3 1 1 0 0
1273 3 1 0 0 0
1348 13 0 0 0 0
1353 1 0 0 0 0
1354 1 0 0 0 0
1360 1 0 0 0 0
1376 3 0 0 0 0
1377 4 1 1 0 0
1640 10 0 0 0 0
1642 3 1 0 0 0
1643 1 0 0 0 0
1644 2 0 0 0 0
1645 3 0 0 0 0
1649 3 0 0 0 0
1650 2 1 0 0 0
1675 3 1 0 0 0
1676 5 1 0 0 0
1677 3 0 0 0 0
1678 3 0 0 0 0
1681 1 0 0 0 0
1683 1 0 0 0 0
1684 1 0 0 0 0
1686 2 1 0 0 0
1687 2 0 0 0 0
1691 2 1 0 0 0
1693 2 1 0 0 0
1701 4 1 1 0 0
1708 2 0 0 0 0
1711 2 1 0 0 0
1736 4 0 0 0 0
1738 1 0 0 0 0
1743 2 1 1 0 0
1746 4 0 0 0 0
1747 4 0 0 0 0
1748 3 0 0 0 0
1749 1 0 0 0 0
1750 1 0 0 0 0
1751 1 0 0 0 0
1762 2 1 0 0 0
1763 2 1 0 0 0
1765 2 0 0 0 0
1767 1 0 0 0 0
1768 3 0 0 0 0
1773 5 1 1 0 0
1774 5 1 1 0 0
1776 3 0 0 0 0
1782 2 1 1 0 0
1791 2 1 0 0 0
1795 1 0 0 0 0
1796 2 1 0 0 0
1820 2 0 0 0 0
1826 1 0 0 0 0
1827 1 0 0 0 0
1828 1 0 0 0 0
1832 3 0 0 0 0
1837 3 1 0 0 0
1839 1 0 0 0 0
1841 2 1 1 0 0
1845 5 0 0 0 0
1850 2 1 0 0 0
1866 6 1 0 0 0
1942 4 1 1 0 0
1946 19 2 1 0 0
1947 1 0 0 0 0
1950 3 0 0 0 0
1951 1 0 0 0 0
1952 2 1 0 0 0
1953 2 1 0 0 0
1958 3 1 1 0 0
1968 9 0 0 0 0
1974 19 5 3 0 0
1975 12 0 0 0 0
1978 3 0 0 0 0
1979 2 1 0 0 0
1980 1 0 0 0 0
1982 14 3 0 0 0
1983 6 3 2 0 0
1987 2 1 0 0 0
1993 1 0 0 0 0
1995 3 0 0 0 0
1996 3 1 0 0 0
1998 2 0 0 0 0
2000 2 1 0 0 0
2002 4 0 0 0 0
2003 3 1 1 0 0
2016 2 1 0 0 0
2017 2 0 0 0 0
2018 3 1 1 0 0
2029 4 0 0 0 0
2030 4 0 0 0 0
2031 5 0 0 0 0
2041 2 0 0 0 0
2042 2 1 1 0 0
2043 4 0 0 0 0
2045 2 1 0 0 0
2050 3 1 0 0 0
2249 3 0 0 0 0
2253 2 0 0 0 0
2259 2 0 0 0 0
2262 2 1 0 0 0
2270 2 0 0 0 0
2282 3 0 0 0 0
2285 3 0 0 0 0
2287 3 1 0 0 0
2288 6 0 0 0 0
2295 2 0 0 0 0
2296 21 5 3 0 0
2298 8 0 0 0 0
2303 8 0 0 0 0
2305 10 5 2 0 0
2307 1 0 0 0 0
2308 1 0 0 0 0
2311 4 0 0 0 0
2313 8 4 2 0 0
2314 24 0 0 0 0
2318 10 5 2 0 0
2319 3 0 0 0 0
2328 2 1 0 0 0
2332 4 2 0 0 0
2334 1 0 0 0 0
2341 4 0 0 0 0
2344 2 1 1 0 0
2348 3 1 0 0 0
2350 2 1 1 0 0
2360 1 0 0 0 0
2365 3 0 0 0 0
2368 1 0 0 0 0
2374 1 0 0 0 0
2375 5 0 0 0 0
2383 3 0 0 0 0
2390 1 0 0 0 0
2393 3 0 0 0 0
2397 3 0 0 0 0
2398 1 0 0 0 0
2399 1 0 0 0 0
2400 1 0 0 0 0
2404 1 0 0 0 0
2409 8 0 0 0 0
2541 1 0 0 0 0
2612 1 0 0 0 0
2614 2 0 0 0 0
2616 15 3 1 0 0
2618 2 0 0 0 0
2620 107 40 10 0 0
2621 19 0 0 0 0
2629 14 2 0 2 2
2654 2 1 0 0 0
2664 4 2 1 0 0
2666 2 0 0 0 0
2667 1 0 0 0 0
2701 5 2 1 0 0
2703 2 0 0 0 0
2704 2 0 0 0 0
2705 1 0 0 0 0
2741 5 1 0 0 0
2764 5 1 0 0 0
fn=handle_preload_list
183 3 1 0 0 0
808 1 0 0 0 0
812 2 0 0 0 0
813 2 0 0 0 0
814 1 0 0 0 0
816 1 0 0 0 0
818 6 0 0 0 0
819 3 1 0 0 0
827 3 0 0 0 0
871 13 0 0 0 0
872 3 0 0 0 0
876 5 2 0 0 0
879 4 0 0 0 0
880 3 1 0 0 0
882 4 0 0 0 0
883 2 0 0 0 0
889 1 0 0 0 0
891 2 0 0 0 0
893 2 1 1 0 0
894 1 0 0 0 0
897 9 0 0 0 0
fn=init_tls
734 4 0 0 0 0
736 2 0 0 0 0
740 3 1 0 0 0
746 2 0 0 0 0
749 1 0 0 0 0
750 1 0 0 0 0
751 1 0 0 0 0
755 1 0 0 0 0
757 1 0 0 0 0
761 2 1 0 0 0
762 3 0 0 0 0
763 12 5 3 0 0
764 4 0 0 0 0
765 8 4 3 0 0
769 3 0 0 0 0
771 1 0 0 0 0
773 3 1 0 0 0
776 2 0 0 0 0
779 1 0 0 0 0
786 2 0 0 0 0
787 2 1 0 0 0
791 1 0 0 0 0
795 2 0 0 0 0
799 1 0 0 0 0
802 5 0 0 0 0
fn=map_doit
641 6 0 0 0 0
643 4 0 0 0 0
644 6 0 0 0 0
646 3 0 0 0 0
fn=version_check_doit
674 6 0 0 0 0
676 6 1 1 0 0
680 3 0 0 0 0
fl=./elf/./get-dynamic-info.h
fn=_dl_start
45 75 19 2 0 0
49 36 18 12 0 0
51 10 5 0 0 0
52 5 0 0 0 0
54 20 5 1 0 0
55 16 0 0 0 0
56 5 1 1 0 0
59 4 1 1 0 0
62 4 1 0 0 0
64 4 0 0 0 0
68 18 0 0 0 0
72 3 1 0 0 0
84 4 1 0 0 0
85 3 1 1 0 0
86 4 1 0 0 0
87 4 1 0 0 0
88 5 1 0 0 0
89 3 1 1 0 0
90 4 1 0 0 0
91 4 1 0 0 0
103 10 2 1 0 0
110 3 1 1 0 0
123 3 1 0 0 0
129 3 1 0 0 0
130 3 1 0 0 0
133 2 1 0 0 0
134 3 1 0 0 0
139 5 2 0 0 0
142 5 2 0 0 0
fn=dl_main
39 4 1 0 0 0
43 1 0 0 0 0
45 107 27 2 0 0
49 52 26 11 0 0
51 12 6 0 0 0
52 6 0 0 0 0
54 25 6 1 0 0
55 21 0 0 0 0
56 5 1 0 0 0
59 4 1 1 0 0
62 4 1 0 0 0
64 4 0 0 0 0
68 26 0 0 0 0
72 7 2 1 0 0
84 3 1 1 0 0
85 5 1 0 0 0
86 5 1 0 0 0
87 5 1 0 0 0
88 4 1 1 0 0
89 5 1 0 0 0
90 5 1 0 0 0
91 5 1 0 0 0
103 9 2 0 0 0
110 3 1 1 0 0
115 2 1 0 0 0
122 3 1 0 0 0
123 4 1 0 0 0
129 3 1 1 0 0
147 4 1 0 0 0
152 2 0 0 0 0
154 2 1 1 0 0
156 2 1 1 0 0
158 2 1 0 0 0
159 2 0 0 0 0
162 4 1 0 0 0
164 3 0 0 0 0
165 2 1 1 0 0
174 2 0 0 0 0
175 3 1 1 0 0
180 2 1 0 0 0
181 3 0 0 0 0
184 3 1 1 0 0
fl=./elf/./setup-vdso.h
fn=dl_main
24 2 1 1 0 0
fl=./intl/../include/../locale/localeinfo.h
fn=__dcigettext
222 6 0 0 0 0
fl=./intl/../string/bits/string_fortified.h
fn=__dcigettext
45 4 0 0 0 0
fl=./intl/./intl/dcgettext.c
fn=dcgettext
46 2 0 0 0 0
47 4 0 0 0 0
fl=./intl/./intl/dcigettext.c
fn=__dcigettext
485 16 0 0 0 0
494 1 0 0 0 0
508 3 1 0 0 0
512 4 1 0 0 0
517 1 0 0 0 0
521 4 0 0 0 0
525 2 0 0 0 0
528 2 0 0 0 0
534 2 0 0 0 0
544 1 0 0 0 0
545 1 0 0 0 0
546 1 0 0 0 0
547 2 0 0 0 0
551 3 0 0 0 0
560 1 0 0 0 0
567 2 0 0 0 0
569 6 0 0 0 0
571 2 0 0 0 0
573 2 1 1 0 0
601 5 1 0 0 0
616 3 0 0 0 0
650 3 0 0 0 0
651 20 2 2 0 0
655 6 0 0 0 0
660 19 2 1 0 0
669 3 1 0 0 0
671 2 1 1 0 0
682 2 0 0 0 0
683 5 1 0 0 0
684 3 0 0 0 0
685 1 0 0 0 0
689 4 1 1 0 0
696 2 1 1 0 0
697 3 1 1 0 0
834 2 0 0 0 0
836 2 0 0 0 0
838 2 0 0 0 0
853 3 0 0 0 0
857 3 1 1 0 0
858 12 1 0 0 0
1536 2 0 0 0 0
1569 7 2 1 0 0
fl=./intl/./intl/gettext.c
fn=gettext
54 2 0 0 0 0
55 3 0 0 0 0
fl=./io/../sysdeps/unix/sysv/linux/access.c
fn=access
25 1 0 0 0 0
27 7 1 1 0 0
31 1 0 0 0 0
fl=./io/../sysdeps/unix/sysv/linux/close_nocancel.c
fn=__GI___close_nocancel
25 3 0 0 0 0
26 12 3 0 0 0
27 3 0 0 0 0
fl=./io/../sysdeps/unix/sysv/linux/fstat64.c
fn=fstat
30 4 0 0 0 0
39 16 4 0 0 0
72 4 0 0 0 0
fl=./io/../sysdeps/unix/sysv/linux/fstatat64.c
fn=fstatat
91 6 0 0 0 0
146 6 0 0 0 0
160 4 0 0 0 0
161 11 3 3 0 0
162 1 0 0 0 0
fl=./io/../sysdeps/unix/sysv/linux/open64_nocancel.c
fn=__open_nocancel
28 24 0 0 0 0
31 42 12 1 0 0
39 51 6 3 0 0
41 12 0 0 0 0
fl=./io/../sysdeps/unix/sysv/linux/pread64_nocancel.c
fn=__pread64_nocancel
25 4 0 0 0 0
26 8 2 0 0 0
27 2 0 0 0 0
fl=./io/../sysdeps/unix/sysv/linux/read_nocancel.c
fn=__read_nocancel
25 2 0 0 0 0
26 8 2 0 0 0
27 2 0 0 0 0
fl=./io/../sysdeps/unix/sysv/linux/stat64.c
fn=stat
28 6 0 0 0 0
29 12 0 0 0 0
fl=./io/../sysdeps/unix/sysv/linux/write.c
fn=write
25 1 0 0 0 0
26 6 2 0 0 0
27 1 0 0 0 0
fl=./libio/../include/sys/sysmacros.h
fn=_IO_file_doallocate
47 6 0 0 0 0
fl=./libio/./libio/filedoalloc.c
fn=_IO_file_doallocate
78 10 0 0 0 0
84 9 2 0 1 1
86 4 1 1 0 0
89 2 1 1 0 0
91 2 0 0 0 0
94 2 0 0 0 0
97 4 1 0 0 0
101 3 0 0 0 0
102 2 1 0 0 0
104 4 0 0 0 0
105 1 0 0 0 0
106 9 1 0 0 0
fl=./libio/./libio/fileops.c
fn=_IO_do_write@@GLIBC_2.2.5
424 13 0 0 0 0
426 10 2 1 0 0
427 9 0 0 0 0
434 2 1 0 0 0
441 4 1 1 0 0
449 6 0 0 1 1
450 5 1 0 0 0
452 3 0 0 0 0
453 2 0 0 0 0
454 1 0 0 0 0
455 2 1 1 0 0
456 4 1 1 0 0
fn=_IO_file_overflow@@GLIBC_2.2.5
732 32 0 0 0 0
733 16 4 0 0 0
740 18 7 1 0 0
743 2 1 1 0 0
745 2 0 0 0 0
746 6 0 0 0 0
755 3 1 0 0 0
764 3 1 0 0 0
765 1 0 0 0 0
766 1 0 0 0 0
767 1 0 0 0 0
768 1 0 0 0 0
769 3 0 0 0 0
771 3 0 0 0 0
772 5 1 0 0 0
773 2 0 0 0 0
775 8 4 0 0 0
776 2 0 0 0 0
777 4 0 0 0 0
778 6 3 0 0 0
781 9 0 0 0 0
782 9 3 0 0 0
783 12 3 1 0 0
784 4 1 1 0 0
785 3 0 0 0 0
787 3 0 0 0 0
788 23 0 0 0 0
fn=_IO_file_setbuf@@GLIBC_2.2.5
382 6 0 0 0 0
383 3 1 0 0 0
386 1 0 0 0 0
388 3 0 0 0 0
390 2 0 0 0 0
391 3 0 0 0 0
fn=_IO_file_stat
1147 1 0 0 0 0
1148 2 0 0 0 0
fn=_IO_file_sync@@GLIBC_2.2.5
793 7 0 0 0 0
798 4 1 1 0 0
800 1 0 0 0 0
801 2 1 1 0 0
812 2 0 0 0 0
816 5 0 0 0 0
fn=_IO_file_write@@GLIBC_2.2.5
1174 8 0 0 0 0
1175 2 0 0 0 0
1176 6 2 1 0 0
1180 3 0 0 0 0
1181 3 1 1 0 0
1182 2 1 0 0 0
1187 1 0 0 0 0
1188 1 0 0 0 0
1190 3 0 0 0 0
1191 3 1 1 0 0
1194 6 0 0 0 0
fn=_IO_file_xsputn@@GLIBC_2.2.5
1198 9 0 0 0 0
1200 2 0 0 0 0
1204 4 1 0 0 0
1205 1 0 0 0 0
1211 4 1 0 0 0
1213 2 0 0 0 0
1228 3 1 1 0 0
1244 6 1 0 1 1
1250 2 0 0 0 0
1251 5 1 0 0 0
1253 3 1 0 0 0
1264 2 1 0 0 0
1265 4 0 0 0 0
1267 3 0 0 0 0
1268 9 0 0 0 0
fl=./libio/./libio/genops.c
fn=_IO_cleanup
803 6 0 0 0 0
804 8 1 1 0 0
807 12 4 2 0 0
811 3 0 0 0 0
812 36 6 3 0 0
820 6 3 3 0 0
822 9 3 2 0 0
825 9 3 1 0 0
827 6 2 1 0 0
829 4 1 0 0 0
831 2 0 0 0 0
833 3 0 0 0 0
834 1 0 0 0 0
838 5 0 0 1 1
840 3 1 0 0 0
847 3 0 0 0 0
849 35 9 1 0 0
850 3 0 0 0 0
854 7 2 0 0 0
855 2 0 0 0 0
875 12 0 0 0 0
876 2 0 0 0 0
888 12 1 0 0 0
fn=_IO_default_setbuf
357 5 1 1 0 0
359 1 0 0 0 0
360 1 0 0 0 0
364 2 0 0 0 0
479 10 0 0 0 0
480 5 1 0 1 1
482 4 1 1 0 0
484 3 0 0 0 0
485 2 0 0 0 0
489 1 0 0 0 0
493 4 0 0 0 0
494 1 0 0 0 0
495 6 0 0 0 0
fn=_IO_default_xsputn
398 13 0 0 0 0
400 1 0 0 0 0
401 2 1 0 0 0
402 1 0 0 0 0
406 12 3 2 0 0
426 22 5 1 2 1
428 2 0 0 0 0
431 8 0 0 0 0
fn=_IO_doallocbuf
370 8 0 0 0 0
371 2 1 1 0 0
373 3 1 1 0 0
374 5 1 1 1 1
377 6 0 0 0 0
fn=_IO_flush_all
713 12 0 0 0 0
714 2 0 0 0 0
718 6 0 0 0 0
719 8 1 1 0 0
722 12 4 2 0 0
724 3 0 0 0 0
725 36 6 2 0 0
727 21 6 0 0 0
735 33 9 1 0 0
736 3 0 0 0 0
740 7 2 1 0 0
741 2 0 0 0 0
745 12 1 0 0 0
fn=_IO_setb
356 11 0 0 0 0
357 4 1 1 0 0
359 1 0 0 0 0
360 1 0 0 0 0
362 6 0 0 0 0
365 6 0 0 0 0
fn=__overflow
226 5 0 0 0 0
228 3 1 1 0 0
230 3 0 0 1 1
231 2 0 0 0 0
fl=./libio/./libio/ioputs.c
fn=puts
33 11 0 0 0 0
35 2 0 0 0 0
36 14 2 1 0 0
39 4 1 0 0 0
40 6 1 0 1 1
41 8 2 2 0 0
42 4 0 0 0 0
46 8 0 0 0 0
fl=./libio/./libio/libioP.h
fn=_IO_cleanup
1025 4 0 0 0 0
1026 2 1 0 0 0
fn=_IO_default_setbuf
1025 3 0 0 0 0
1026 2 1 0 0 0
fn=_IO_default_xsputn
1025 5 0 0 0 0
1026 4 2 0 0 0
fn=_IO_do_write@@GLIBC_2.2.5
1025 3 0 0 0 0
1026 2 1 0 0 0
fn=_IO_doallocbuf
1025 3 0 0 0 0
1026 2 1 0 0 0
fn=_IO_file_doallocate
1025 3 0 0 0 0
1026 2 1 0 0 0
fn=_IO_file_xsputn@@GLIBC_2.2.5
1025 3 0 0 0 0
1026 2 1 0 0 0
fn=_IO_flush_all
1025 2 0 0 0 0
fn=__overflow
1025 3 0 0 0 0
1026 2 1 0 0 0
fn=puts
979 2 1 0 0 0
980 8 2 0 0 0
1025 3 0 0 0 0
1026 2 1 0 0 0
fl=./libio/./libio/stdfiles.c
fn=_IO_stdfiles_init
64 1 0 0 0 0
66 2 0 0 0 0
67 12 4 2 0 0
68 3 0 0 0 0
69 3 0 0 0 0
70 1 0 0 0 0
fl=./libio/./libio/vtables.c
fn=check_stdfiles_vtables
545 1 0 0 0 0
546 4 1 1 0 0
547 3 1 0 0 0
548 3 1 0 0 0
550 1 0 0 0 0
fl=./locale/./locale/localename.c
fn=__current_locale_name
24 2 0 0 0 0
25 8 0 0 0 0
26 2 0 0 0 0
fl=./malloc/../string/bits/string_fortified.h
fn=tcache_init.part.0
59 88 80 9 0 0
fl=./malloc/../sysdeps/unix/sysv/linux/not-cancel.h
fn=ptmalloc_init.part.0
97 6 0 0 0 0
fl=./malloc/./malloc/arena.c
fn=malloc
153 2 1 1 0 0
264 1 0 0 0 0
fn=ptmalloc_init.part.0
262 8 0 0 0 0
267 1 0 0 0 0
292 2 1 1 0 0
296 3 0 0 0 0
300 4 0 0 0 0
301 4 0 0 0 0
302 4 0 0 0 0
303 4 0 0 0 0
304 4 0 0 0 0
305 4 0 0 0 0
306 4 0 0 0 0
308 4 0 0 0 0
309 4 0 0 0 0
310 4 0 0 0 0
313 4 0 0 0 0
314 4 0 0 0 0
316 2 1 0 0 0
326 8 1 0 0 0
fl=./malloc/./malloc/malloc.c
fn=_int_malloc
1326 4 2 0 0 0
1345 12 2 0 0 0
1794 2 0 0 0 0
2008 11 2 0 0 0
2552 4 0 0 0 0
2553 2 0 0 0 0
2564 2 1 1 0 0
2589 4 0 0 0 0
2590 2 0 0 0 0
2599 4 2 1 0 0
2608 3 1 1 0 0
2669 2 0 0 0 0
2677 2 1 0 0 0
2678 2 0 0 0 0
2691 3 1 0 0 0
2699 6 0 0 0 0
2707 2 1 1 0 0
2709 5 0 0 0 0
2710 3 1 0 0 0
2712 1 0 0 0 0
2715 2 1 0 0 0
2744 3 1 0 0 0
2745 1 0 0 0 0
2746 4 0 0 0 0
2752 7 1 1 0 0
2755 4 2 1 0 0
2783 1 0 0 0 0
2795 3 1 1 0 0
2814 2 0 0 0 0
2817 2 0 0 0 0
2818 7 0 0 0 0
2820 2 1 0 0 0
2821 5 0 0 0 0
2833 4 1 0 0 0
2875 1 0 0 0 0
2876 5 0 0 0 0
2877 2 0 0 0 0
2888 3 1 0 0 0
2921 3 1 0 0 0
2922 1 0 0 0 0
2926 1 0 0 0 0
2930 5 1 0 0 0
2932 1 0 0 0 0
2933 1 0 0 0 0
2934 1 0 0 0 0
2935 7 0 0 0 0
2936 2 0 0 0 0
2938 1 0 0 0 0
3846 22 0 0 0 0
3887 4 2 0 0 0
3914 4 2 2 0 0
3977 4 2 1 0 0
3979 6 0 0 0 0
3980 2 0 0 0 0
3982 3 1 1 0 0
4039 5 1 1 0 0
4040 3 1 0 0 0
4058 4 0 0 0 0
4059 6 0 0 0 0
4060 6 2 1 0 0
4070 10 2 2 0 0
4083 1 0 0 0 0
4257 6 2 1 0 0
4259 4 0 0 0 0
4262 3 1 1 0 0
4263 2 0 0 0 0
4330 2 0 0 0 0
4331 4 0 0 0 0
4332 4 0 0 0 0
4333 4 0 0 0 0
4334 10 0 0 0 0
4339 8 2 0 0 0
4343 15 5 2 0 0
4346 12 3 0 0 0
4443 2 0 0 0 0
4444 4 0 0 0 0
4446 4 2 0 0 0
4449 6 2 1 0 0
4451 1 0 0 0 0
4452 1 0 0 0 0
4453 1 0 0 0 0
4454 8 0 0 0 0
4456 2 0 0 0 0
4459 1 0 0 0 0
4460 1 0 0 0 0
4466 4 1 0 0 0
4482 1 0 0 0 0
4483 12 0 0 0 0
4487 24 2 0 0 0
fn=alloc_perturb
1985 6 2 0 0 0
1987 2 0 0 0 0
fn=free
3359 1 0 0 0 0
3363 2 1 1 0 0
3402 1 0 0 0 0
fn=malloc
1326 2 1 1 0 0
1345 5 1 1 0 0
3248 4 1 0 0 0
3294 8 0 0 0 0
3301 2 1 0 0 0
3311 2 0 0 0 0
3313 4 1 1 0 0
3316 2 1 0 0 0
3317 5 1 0 0 0
3318 3 1 1 0 0
3326 2 1 1 0 0
3328 4 0 0 0 0
3329 5 1 0 0 0
3354 6 0 0 0 0
fn=ptmalloc_init.part.0
1946 387 127 7 0 0
1949 381 0 0 0 0
1957 1 0 0 0 0
1958 1 0 0 0 0
1960 1 0 0 0 0
3143 2 1 1 0 0
fn=tcache_init.part.0
3242 4 0 0 0 0
3251 8 2 0 0 0
3252 3 0 0 0 0
3253 2 1 0 0 0
3261 4 2 0 0 0
3270 2 0 0 0 0
3274 3 0 0 0 0
fl=./malloc/./malloc/morecore.c
fn=__glibc_morecore
25 6 0 0 0 0
26 4 2 0 0 0
29 2 0 0 0 0
30 4 2 1 0 0
34 4 0 0 0 0
fl=./malloc/./malloc/scratch_buffer_set_array_size.c
fn=__libc_scratch_buffer_set_array_size
30 26 0 0 0 0
34 2 0 0 0 0
35 4 2 2 0 0
45 4 2 2 0 0
46 2 0 0 0 0
63 12 0 0 0 0
fl=./misc/../sysdeps/unix/syscall-template.S
fn=mprotect
117 20 4 0 0 0
122 4 0 0 0 0
fn=munmap
117 5 1 0 0 0
122 1 0 0 0 0
fl=./misc/../sysdeps/unix/sysv/linux/brk.c
fn=brk
36 2 0 0 0 0
37 4 0 0 0 0
38 4 2 0 0 0
44 2 0 0 0 0
45 2 0 0 0 0
fl=./misc/../sysdeps/unix/sysv/linux/brk_call.h
fn=brk
24 4 0 0 0 0
fl=./misc/../sysdeps/unix/sysv/linux/mmap64.c
fn=mmap
47 84 0 0 0 0
50 24 12 0 0 0
53 53 19 10 0 0
58 72 12 0 0 0
60 48 0 0 0 0
fl=./misc/../sysdeps/unix/sysv/linux/setvmaname.c
fn=__set_vma_name
33 11 0 0 0 0
35 7 2 1 0 0
40 7 1 1 0 0
47 1 0 0 0 0
49 6 0 0 0 0
fl=./misc/./misc/init-misc.c
fn=__init_misc
30 5 0 0 0 0
31 6 2 0 0 0
33 3 0 0 0 0
37 5 0 0 0 0
38 3 0 0 0 0
40 4 0 0 0 0
fl=./misc/./misc/sbrk.c
fn=sbrk
37 16 0 0 0 0
40 4 0 0 0 0
43 4 2 2 0 0
58 4 2 1 0 0
59 4 1 0 0 0
62 4 2 1 0 0
63 2 0 0 0 0
66 4 2 0 0 0
74 3 1 0 0 0
78 14 0 0 0 0
fl=./misc/./misc/tsearch.c
fn=tfind
372 7 0 0 0 0
376 2 1 0 0 0
377 1 0 0 0 0
382 6 1 0 0 0
394 7 0 0 0 0
fl=./nptl/../sysdeps/unix/sysv/linux/x86/elision-conf.c
fn=__lll_elision_init
92 5 0 0 0 0
96 7 0 0 0 0
98 4 0 0 0 0
100 4 0 0 0 0
102 4 0 0 0 0
104 4 0 0 0 0
107 3 1 0 0 0
108 1 0 0 0 0
109 6 1 0 0 0
fl=./nptl/./nptl/libc-cleanup.c
fn=__libc_cleanup_pop_restore
54 2 0 0 0 0
55 2 0 0 0 0
57 4 0 0 0 0
59 2 0 0 0 0
60 6 2 2 0 0
71 2 0 0 0 0
fn=__libc_cleanup_push_defer
24 2 0 0 0 0
25 2 0 0 0 0
27 4 0 0 0 0
29 4 0 0 0 0
32 4 2 1 0 0
46 6 0 0 0 0
48 2 0 0 0 0
49 2 0 0 0 0
fl=./nptl/./nptl/pthread_mutex_conf.c
fn=__pthread_tunables_init
55 5 0 0 0 0
56 7 0 0 0 0
58 4 0 0 0 0
60 4 0 0 0 0
62 6 1 0 0 0
fl=./nptl/./nptl/pthread_mutex_lock.c
fn=pthread_mutex_lock@@GLIBC_2.2.5
44 1 0 0 0 0
45 7 3 0 0 0
46 1 0 0 0 0
77 5 0 0 0 0
80 3 0 0 0 0
82 1 0 0 0 0
84 2 1 0 0 0
88 2 1 1 0 0
97 2 1 0 0 0
108 4 1 0 0 0
112 1 0 0 0 0
115 2 1 1 0 0
124 1 0 0 0 0
130 3 1 0 0 0
131 2 0 0 0 0
179 1 0 0 0 0
182 1 0 0 0 0
184 1 0 0 0 0
187 1 0 0 0 0
190 3 0 0 0 0
fl=./nptl/./nptl/pthread_mutex_unlock.c
fn=pthread_mutex_unlock@@GLIBC_2.2.5
39 1 0 0 0 0
40 4 2 1 0 0
41 1 0 0 0 0
51 3 0 0 0 0
52 2 1 0 0 0
57 2 1 1 0 0
62 1 0 0 0 0
65 1 0 0 0 0
70 1 0 0 0 0
72 1 0 0 0 0
74 2 1 1 0 0
80 4 1 0 0 0
84 3 1 1 0 0
87 2 1 1 0 0
367 4 0 0 0 0
369 2 0 0 0 0
fl=./nptl/./nptl/pthread_rwlock_common.c
fn=pthread_rwlock_rdlock@@GLIBC_2.34
298 12 3 0 0 0
310 6 3 0 0 0
353 9 3 0 0 0
370 6 3 0 0 0
390 6 3 0 0 0
391 3 0 0 0 0
fn=pthread_rwlock_unlock@@GLIBC_2.34
221 15 0 0 0 0
232 3 0 0 0 0
236 3 0 0 0 0
240 9 3 3 0 0
243 12 0 0 0 0
244 6 0 0 0 0
254 9 3 0 0 0
259 6 3 0 0 0
275 9 3 3 0 0
fl=./nptl/./nptl/pthread_rwlock_rdlock.c
fn=pthread_rwlock_rdlock@@GLIBC_2.34
23 24 0 0 0 0
24 3 0 0 0 0
27 3 0 0 0 0
29 21 0 0 0 0
fl=./nptl/./nptl/pthread_rwlock_unlock.c
fn=pthread_rwlock_unlock@@GLIBC_2.34
30 18 0 0 0 0
31 3 0 0 0 0
38 9 3 0 0 0
39 3 0 0 0 0
44 15 0 0 0 0
fl=./posix/../malloc/dynarray-skeleton.c
fn=__unregister_atfork
243 2 0 0 0 0
fl=./posix/../sysdeps/unix/sysv/linux/_exit.c
fn=_Exit
27 2 0 0 0 0
30 4 0 0 0 0
fl=./posix/./posix/register-atfork.c
fn=__unregister_atfork
71 4 2 2 0 0
82 12 0 0 0 0
83 8 2 0 0 0
109 8 4 0 0 0
110 6 0 0 0 0
fl=./resource/../sysdeps/unix/sysv/linux/getrlimit64.c
fn=getrlimit
38 2 0 0 0 0
39 7 1 0 0 0
40 1 0 0 0 0
fl=./setjmp/../sysdeps/x86_64/bsd-_setjmp.S
fn=_setjmp
28 1 0 0 0 0
30 1 0 0 0 0
32 1 0 0 0 0
fl=./setjmp/../sysdeps/x86_64/setjmp.S
fn=__sigsetjmp
31 4 0 0 0 0
33 4 0 0 0 0
42 4 0 0 0 0
43 8 0 0 0 0
44 4 0 0 0 0
48 4 0 0 0 0
49 4 0 0 0 0
50 4 0 0 0 0
51 4 0 0 0 0
52 4 0 0 0 0
54 8 0 0 0 0
56 4 0 0 0 0
57 4 0 0 0 0
58 4 0 0 0 0
60 8 0 0 0 0
62 4 0 0 0 0
67 1 0 0 0 0
68 1 1 1 0 0
70 3 0 0 0 0
73 3 0 0 0 0
74 3 0 0 0 0
81 3 0 0 0 0
82 3 0 0 0 0
85 1 0 0 0 0
fl=./setjmp/./setjmp/sigjmp.c
fn=__sigjmp_save
28 6 0 0 0 0
29 1 0 0 0 0
30 2 1 0 0 0
34 4 0 0 0 0
fl=./stdlib/./stdlib/cxa_atexit.c
fn=__cxa_atexit
41 2 1 0 0 0
43 8 1 0 0 0
44 2 0 0 0 0
46 2 1 0 0 0
52 3 0 0 0 0
53 1 0 0 0 0
54 1 0 0 0 0
55 1 0 0 0 0
56 1 0 0 0 0
57 4 2 0 0 0
58 1 0 0 0 0
67 7 0 0 0 0
69 6 0 0 0 0
fn=__new_exitfn
80 5 0 0 0 0
81 1 0 0 0 0
86 2 1 0 0 0
91 10 2 1 0 0
93 4 1 0 0 0
101 1 0 0 0 0
122 1 0 0 0 0
123 1 0 0 0 0
134 1 0 0 0 0
136 1 0 0 0 0
137 1 0 0 0 0
141 5 0 0 0 0
fl=./stdlib/./stdlib/cxa_finalize.c
fn=__cxa_finalize
45 20 0 0 0 0
48 14 4 0 0 0
51 14 4 0 0 0
55 14 2 0 0 0
108 14 4 0 0 0
112 12 2 2 0 0
120 4 0 0 0 0
121 8 4 0 0 0
122 16 0 0 0 0
fl=./stdlib/./stdlib/cxa_thread_atexit_impl.c
fn=__call_tls_dtors
148 5 0 0 0 0
149 4 1 1 0 0
165 4 0 0 0 0
fl=./stdlib/./stdlib/exit.c
fn=__run_exit_handlers
38 12 0 0 0 0
40 2 1 1 0 0
41 2 0 0 0 0
43 6 1 0 0 0
54 1 0 0 0 0
56 2 1 0 0 0
60 1 0 0 0 0
64 6 2 0 0 0
66 2 0 0 0 0
67 1 0 0 0 0
69 7 2 1 0 0
101 1 0 0 0 0
102 1 0 0 0 0
103 1 0 0 0 0
104 3 0 0 0 0
107 4 2 0 0 0
108 3 0 0 1 1
109 4 1 1 0 0
113 3 1 0 0 0
119 2 0 0 0 0
120 2 1 1 0 0
126 4 2 0 0 0
128 2 1 1 0 0
129 2 0 0 0 0
131 2 0 0 0 0
fn=exit
137 3 0 0 0 0
138 4 0 0 0 0
fl=./string/../include/rtld-malloc.h
fn=strdup
56 6 0 0 3 1
fl=./string/../string/strcspn.c
fn=strcspn
32 6 0 0 0 0
33 3 1 0 0 0
34 2 1 0 0 0
39 6 0 0 0 0
40 4 0 0 0 0
41 4 0 0 0 0
42 4 0 0 0 0
44 1 0 0 0 0
47 9 0 0 0 0
48 6 3 2 0 0
51 4 1 0 0 0
52 4 1 0 0 0
53 4 1 0 0 0
54 4 1 0 0 0
56 4 0 0 0 0
61 13 0 0 0 0
62 26 0 0 0 0
63 26 0 0 0 0
64 26 0 0 0 0
65 13 0 0 0 0
67 78 13 10 0 0
69 1 0 0 0 0
70 4 1 1 0 0
71 3 0 0 0 0
fl=./string/../sysdeps/x86/cacheinfo.c
fn=__x86_cacheinfo
86 3 0 0 0 0
fl=./string/../sysdeps/x86/cacheinfo.h
fn=__x86_cacheinfo
62 1 0 0 0 0
65 3 1 0 0 0
67 3 0 0 0 0
68 1 0 0 0 0
74 3 1 0 0 0
76 3 0 0 0 0
77 1 0 0 0 0
81 2 0 0 0 0
84 2 0 0 0 0
86 2 0 0 0 0
87 2 0 0 0 0
88 2 0 0 0 0
90 2 1 1 0 0
fl=./string/../sysdeps/x86_64/multiarch/../multiarch/memcmp-sse2.S
fn=bcmp
59 1 0 0 0 0
71 1 0 0 0 0
72 1 1 0 0 0
94 1 0 0 0 0
95 1 1 1 0 0
140 1 0 0 0 0
141 1 0 0 0 0
143 1 0 0 0 0
144 1 1 0 0 0
146 1 0 0 0 0
147 1 0 0 0 0
149 1 0 0 0 0
150 1 1 1 0 0
197 1 0 0 0 0
198 1 0 0 0 0
199 1 0 0 0 0
200 1 0 0 0 0
201 1 0 0 0 0
202 1 0 0 0 0
fl=./string/../sysdeps/x86_64/multiarch/../multiarch/memset-vec-unaligned-erms.S
fn=memset
137 7 0 0 0 0
138 35 0 0 0 0
143 7 0 0 0 0
144 7 7 5 0 0
147 2 0 0 0 0
148 2 2 2 0 0
236 2 0 0 0 0
237 2 0 0 0 0
249 2 0 0 0 0
252 2 0 0 0 0
253 2 2 0 0 0
265 2 0 0 0 0
266 2 0 0 0 0
279 2 0 0 0 0
280 2 0 0 0 0
282 2 2 1 0 0
285 1 0 0 0 0
288 2 0 0 0 0
291 35 0 0 0 0
292 35 0 0 0 0
293 35 0 0 0 0
294 35 0 0 0 0
295 35 0 0 0 0
296 35 0 0 0 0
297 35 35 10 0 0
300 2 0 0 0 0
301 2 0 0 0 0
302 2 0 0 0 0
303 2 0 0 0 0
308 2 0 0 0 0
354 5 0 0 0 0
356 5 0 0 0 0
357 5 5 5 0 0
396 5 0 0 0 0
397 5 0 0 0 0
399 5 0 0 0 0
fl=./string/../sysdeps/x86_64/multiarch/../multiarch/strchr-sse2.S
fn=index
32 15 0 0 0 0
33 15 0 0 0 0
34 15 0 0 0 0
35 15 0 0 0 0
36 15 0 0 0 0
37 15 0 0 0 0
38 15 0 0 0 0
39 15 0 0 0 0
40 15 15 0 0 0
41 15 0 0 0 0
42 15 0 0 0 0
43 15 0 0 0 0
44 15 0 0 0 0
45 15 0 0 0 0
46 15 0 0 0 0
47 15 0 0 0 0
48 15 0 0 0 0
49 15 15 2 0 0
50 13 0 0 0 0
54 13 0 0 0 0
55 13 0 0 0 0
56 13 0 0 0 0
57 13 0 0 0 0
59 13 0 0 0 0
63 2 0 0 0 0
64 2 0 0 0 0
65 2 0 0 0 0
66 2 0 0 0 0
67 2 0 0 0 0
68 2 0 0 0 0
69 2 0 0 0 0
70 2 0 0 0 0
71 2 0 0 0 0
72 2 0 0 0 0
73 2 0 0 0 0
74 2 0 0 0 0
75 2 0 0 0 0
76 2 0 0 0 0
77 2 0 0 0 0
78 2 0 0 0 0
79 2 0 0 0 0
80 2 0 0 0 0
81 2 0 0 0 0
82 2 0 0 0 0
83 2 0 0 0 0
84 2 0 0 0 0
85 2 0 0 0 0
86 2 2 2 0 0
138 2 0 0 0 0
142 2 0 0 0 0
143 2 0 0 0 0
144 2 0 0 0 0
145 2 0 0 0 0
147 2 0 0 0 0
fl=./string/../sysdeps/x86_64/multiarch/../multiarch/strcmp-sse2.S
fn=strcmp
98 168 0 0 0 0
131 168 0 0 0 0
132 168 0 0 0 0
134 168 0 0 0 0
135 168 0 0 0 0
156 168 0 0 0 0
157 168 154 15 0 0
158 153 0 0 0 0
159 153 153 25 0 0
160 132 0 0 0 0
161 132 0 0 0 0
162 132 0 0 0 0
163 132 0 0 0 0
180 132 0 0 0 0
181 132 0 0 0 0
182 132 0 0 0 0
183 132 0 0 0 0
184 132 0 0 0 0
185 132 0 0 0 0
186 132 132 28 0 0
191 12 0 0 0 0
192 36 0 0 0 0
201 48 0 0 0 0
202 48 0 0 0 0
203 48 0 0 0 0
204 48 0 0 0 0
205 48 0 0 0 0
206 48 0 0 0 0
207 48 0 0 0 0
208 48 48 3 0 0
209 45 45 21 0 0
210 19 0 0 0 0
211 19 0 0 0 0
212 19 0 0 0 0
214 45 0 0 0 0
215 45 0 0 0 0
216 45 0 0 0 0
217 45 0 0 0 0
218 45 0 0 0 0
219 45 0 0 45 36
229 3 0 0 0 0
230 3 0 0 0 0
231 3 0 0 0 0
233 3 0 0 0 0
239 3 0 0 0 0
240 3 0 0 0 0
241 3 0 0 0 0
242 3 0 0 0 0
243 3 0 0 0 0
248 3 3 1 0 0
250 2 0 0 0 0
251 2 0 0 0 0
252 4 0 0 0 0
260 2 0 0 0 0
261 2 0 0 0 0
264 2 0 0 0 0
265 2 0 0 0 0
266 2 0 0 0 0
267 2 0 0 0 0
268 2 0 0 0 0
269 2 2 2 0 0
542 2 0 0 0 0
543 2 0 0 0 0
544 2 0 0 0 0
545 2 0 0 0 0
546 2 0 0 0 0
548 2 0 0 0 0
549 2 0 0 0 0
550 2 0 0 0 0
551 2 0 0 0 0
552 2 0 0 0 0
553 2 0 0 0 0
554 2 2 2 0 0
555 1 0 0 0 0
559 1 0 0 0 0
560 1 0 0 0 0
561 1 0 0 0 0
567 1 0 0 0 0
568 1 0 0 0 0
569 2 0 0 0 0
573 1 0 0 0 0
574 1 1 0 0 0
577 1 0 0 0 0
578 1 0 0 0 0
579 1 0 0 0 0
581 1 0 0 0 0
582 1 0 0 0 0
583 1 0 0 0 0
587 1 0 0 0 0
588 1 0 0 0 0
589 1 0 0 0 0
590 1 0 0 0 0
591 1 0 0 0 0
592 1 1 1 0 0
780 2 0 0 0 0
781 2 0 0 0 0
782 2 0 0 0 0
783 2 0 0 0 0
784 2 0 0 0 0
786 2 0 0 0 0
787 2 0 0 0 0
788 2 0 0 0 0
789 2 0 0 0 0
790 2 0 0 0 0
791 2 0 0 0 0
792 2 2 0 0 0
793 2 0 0 0 0
797 2 0 0 0 0
798 2 0 0 0 0
799 2 0 0 0 0
805 2 0 0 0 0
806 2 0 0 0 0
807 4 0 0 0 0
811 2 0 0 0 0
812 2 2 0 0 0
815 2 0 0 0 0
816 2 0 0 0 0
817 2 0 0 0 0
819 2 0 0 0 0
820 2 0 0 0 0
821 2 0 0 0 0
825 2 0 0 0 0
826 2 0 0 0 0
827 2 0 0 0 0
828 2 0 0 0 0
829 2 0 0 0 0
830 2 2 2 0 0
899 2 0 0 0 0
900 2 0 0 0 0
901 2 0 0 0 0
902 2 0 0 0 0
903 2 0 0 0 0
905 2 0 0 0 0
906 2 0 0 0 0
907 2 0 0 0 0
908 2 0 0 0 0
909 2 0 0 0 0
910 2 0 0 0 0
911 2 2 0 0 0
912 2 0 0 0 0
916 2 0 0 0 0
917 2 0 0 0 0
918 2 0 0 0 0
924 2 0 0 0 0
925 2 0 0 0 0
926 4 0 0 0 0
930 2 0 0 0 0
931 2 2 0 0 0
934 2 0 0 0 0
935 2 0 0 0 0
936 2 0 0 0 0
938 2 0 0 0 0
939 2 0 0 0 0
940 2 0 0 0 0
944 2 0 0 0 0
945 2 0 0 0 0
946 2 0 0 0 0
947 2 0 0 0 0
948 2 0 0 0 0
949 2 2 2 0 0
956 1 0 0 0 0
957 1 0 0 0 0
959 1 0 0 0 0
960 1 1 0 0 0
962 1 0 0 0 0
963 1 0 0 0 0
964 1 0 0 0 0
966 1 0 0 0 0
967 1 0 0 0 0
968 1 0 0 0 0
972 1 0 0 0 0
973 1 0 0 0 0
974 1 0 0 0 0
975 1 0 0 0 0
976 1 0 0 0 0
977 1 1 1 0 0
1137 5 0 0 0 0
1138 5 0 0 0 0
1139 5 0 0 0 0
1140 5 0 0 0 0
1141 5 0 0 0 0
1143 5 0 0 0 0
1144 5 0 0 0 0
1145 5 0 0 0 0
1146 5 0 0 0 0
1147 5 0 0 0 0
1148 5 0 0 0 0
1149 5 5 3 0 0
1150 2 0 0 0 0
1154 2 0 0 0 0
1155 2 0 0 0 0
1156 2 0 0 0 0
1162 2 0 0 0 0
1163 2 0 0 0 0
1164 4 0 0 0 0
1168 2 0 0 0 0
1169 2 2 0 0 0
1172 2 0 0 0 0
1173 2 0 0 0 0
1174 2 0 0 0 0
1176 2 0 0 0 0
1177 2 0 0 0 0
1178 2 0 0 0 0
1182 2 0 0 0 0
1183 2 0 0 0 0
1184 2 0 0 0 0
1185 2 0 0 0 0
1186 2 0 0 0 0
1187 2 2 1 0 0
1194 1 0 0 0 0
1195 1 0 0 0 0
1197 1 0 0 0 0
1198 1 1 0 0 0
1200 1 0 0 0 0
1201 1 0 0 0 0
1202 1 0 0 0 0
1204 1 0 0 0 0
1205 1 0 0 0 0
1206 1 0 0 0 0
1210 1 0 0 0 0
1211 1 0 0 0 0
1212 1 0 0 0 0
1213 1 0 0 0 0
1214 1 0 0 0 0
1215 1 1 1 0 0
1256 5 0 0 0 0
1257 5 0 0 0 0
1258 5 0 0 0 0
1259 5 0 0 0 0
1260 5 0 0 0 0
1262 5 0 0 0 0
1263 5 0 0 0 0
1264 5 0 0 0 0
1265 5 0 0 0 0
1266 5 0 0 0 0
1267 5 0 0 0 0
1268 5 5 5 0 0
1269 1 0 0 0 0
1273 1 0 0 0 0
1274 1 0 0 0 0
1275 1 0 0 0 0
1281 1 0 0 0 0
1282 1 0 0 0 0
1283 2 0 0 0 0
1287 1 0 0 0 0
1288 1 1 0 0 0
1291 1 0 0 0 0
1292 1 0 0 0 0
1293 1 0 0 0 0
1295 1 0 0 0 0
1296 1 0 0 0 0
1297 1 0 0 0 0
1301 1 0 0 0 0
1302 1 0 0 0 0
1303 1 0 0 0 0
1304 1 0 0 0 0
1305 1 0 0 0 0
1306 1 1 1 0 0
1375 5 0 0 0 0
1376 5 0 0 0 0
1377 5 0 0 0 0
1378 5 0 0 0 0
1379 5 0 0 0 0
1381 5 0 0 0 0
1382 5 0 0 0 0
1383 5 0 0 0 0
1384 5 0 0 0 0
1385 5 0 0 0 0
1386 5 0 0 0 0
1387 5 5 2 0 0
1388 3 0 0 0 0
1392 3 0 0 0 0
1393 3 0 0 0 0
1394 3 0 0 0 0
1400 3 0 0 0 0
1401 3 0 0 0 0
1402 6 0 0 0 0
1406 3 0 0 0 0
1407 3 3 0 0 0
1410 3 0 0 0 0
1411 3 0 0 0 0
1412 3 0 0 0 0
1414 3 0 0 0 0
1415 3 0 0 0 0
1416 3 0 0 0 0
1420 3 0 0 0 0
1421 3 0 0 0 0
1422 3 0 0 0 0
1423 3 0 0 0 0
1424 3 0 0 0 0
1425 3 3 3 0 0
1494 5 0 0 0 0
1495 5 0 0 0 0
1496 5 0 0 0 0
1497 5 0 0 0 0
1498 5 0 0 0 0
1500 5 0 0 0 0
1501 5 0 0 0 0
1502 5 0 0 0 0
1503 5 0 0 0 0
1504 5 0 0 0 0
1505 5 0 0 0 0
1506 5 5 4 0 0
1507 3 0 0 0 0
1511 3 0 0 0 0
1512 3 0 0 0 0
1513 3 0 0 0 0
1519 3 0 0 0 0
1520 3 0 0 0 0
1521 6 0 0 0 0
1525 3 0 0 0 0
1526 3 3 0 0 0
1529 3 0 0 0 0
1530 3 0 0 0 0
1531 3 0 0 0 0
1533 3 0 0 0 0
1534 3 0 0 0 0
1535 3 0 0 0 0
1539 3 0 0 0 0
1540 3 0 0 0 0
1541 3 0 0 0 0
1542 3 0 0 0 0
1543 3 0 0 0 0
1544 3 3 3 0 0
1613 2 0 0 0 0
1614 2 0 0 0 0
1615 2 0 0 0 0
1616 2 0 0 0 0
1617 2 0 0 0 0
1619 2 0 0 0 0
1620 2 0 0 0 0
1621 2 0 0 0 0
1622 2 0 0 0 0
1623 2 0 0 0 0
1624 2 0 0 0 0
1625 2 2 0 0 0
1626 2 0 0 0 0
1630 2 0 0 0 0
1631 2 0 0 0 0
1632 2 0 0 0 0
1638 2 0 0 0 0
1639 2 0 0 0 0
1640 4 0 0 0 0
1644 2 0 0 0 0
1645 2 2 0 0 0
1648 2 0 0 0 0
1649 2 0 0 0 0
1650 2 0 0 0 0
1652 2 0 0 0 0
1653 2 0 0 0 0
1654 2 0 0 0 0
1658 2 0 0 0 0
1659 2 0 0 0 0
1660 2 0 0 0 0
1661 2 0 0 0 0
1662 2 0 0 0 0
1663 2 2 1 0 0
1670 1 0 0 0 0
1671 1 0 0 0 0
1673 1 0 0 0 0
1674 1 1 0 0 0
1676 1 0 0 0 0
1677 1 0 0 0 0
1678 1 0 0 0 0
1680 1 0 0 0 0
1681 1 0 0 0 0
1682 1 0 0 0 0
1686 1 0 0 0 0
1687 1 0 0 0 0
1688 1 0 0 0 0
1689 1 0 0 0 0
1690 1 0 0 0 0
1691 1 1 1 0 0
1732 1 0 0 0 0
1733 1 0 0 0 0
1734 1 0 0 0 0
1735 1 0 0 0 0
1736 1 0 0 0 0
1738 1 0 0 0 0
1739 1 0 0 0 0
1740 1 0 0 0 0
1741 1 0 0 0 0
1742 1 0 0 0 0
1743 1 0 0 0 0
1744 1 1 1 0 0
1851 6 0 0 0 0
1852 6 0 0 0 0
1853 6 0 0 0 0
1854 6 0 0 0 0
1855 6 0 0 0 0
1857 6 0 0 0 0
1858 6 0 0 0 0
1859 6 0 0 0 0
1860 6 0 0 0 0
1861 6 0 0 0 0
1862 6 0 0 0 0
1863 6 6 4 0 0
1864 2 0 0 0 0
1868 2 0 0 0 0
1869 2 0 0 0 0
1870 2 0 0 0 0
1876 2 0 0 0 0
1877 2 0 0 0 0
1878 4 0 0 0 0
1882 2 0 0 0 0
1883 2 2 0 0 0
1886 2 0 0 0 0
1887 2 0 0 0 0
1888 2 0 0 0 0
1890 2 0 0 0 0
1891 2 0 0 0 0
1892 2 0 0 0 0
1896 2 0 0 0 0
1897 2 0 0 0 0
1898 2 0 0 0 0
1899 2 0 0 0 0
1900 2 0 0 0 0
1901 2 2 2 0 0
1970 10 0 0 0 0
1971 10 0 0 0 0
1972 10 0 0 0 0
1973 10 0 0 0 0
1974 10 0 0 0 0
1976 10 0 0 0 0
1977 10 0 0 0 0
1978 10 0 0 0 0
1979 10 0 0 0 0
1980 10 0 0 0 0
1981 10 0 0 0 0
1982 10 10 9 0 0
1984 2 0 0 0 0
1988 2 0 0 0 0
1989 2 0 0 0 0
1990 2 0 0 0 0
1996 2 0 0 0 0
1997 2 0 0 0 0
1999 4 0 0 0 0
2003 2 0 0 0 0
2004 2 2 0 0 0
2007 2 0 0 0 0
2008 2 0 0 0 0
2009 2 0 0 0 0
2011 2 0 0 0 0
2012 2 0 0 0 0
2013 2 0 0 0 0
2017 2 0 0 0 0
2018 2 0 0 0 0
2019 2 0 0 0 0
2020 2 0 0 0 0
2021 2 0 0 0 0
2022 2 2 2 0 0
2093 22 0 0 0 0
2095 48 0 0 0 0
2096 48 0 0 0 0
2097 48 0 0 0 0
2098 48 48 20 0 0
2099 38 0 0 0 0
2104 168 0 0 0 0
2110 168 0 0 0 0
2111 168 0 0 0 0
2119 168 0 0 0 0
2120 168 0 0 0 0
fn=strncmp
98 1 0 0 0 0
125 1 0 0 0 0
126 1 1 0 0 0
127 1 0 0 0 0
128 1 1 0 0 0
129 1 0 0 0 0
131 1 0 0 0 0
132 1 0 0 0 0
134 1 0 0 0 0
135 1 0 0 0 0
156 1 0 0 0 0
157 1 0 0 0 0
158 1 0 0 0 0
159 1 1 0 0 0
160 1 0 0 0 0
161 1 0 0 0 0
162 1 0 0 0 0
163 1 0 0 0 0
180 1 0 0 0 0
181 1 0 0 0 0
182 1 0 0 0 0
183 1 0 0 0 0
184 1 0 0 0 0
185 1 0 0 0 0
186 1 1 1 0 0
2104 1 0 0 0 0
2107 1 0 0 0 0
2108 1 1 0 0 0
2110 1 0 0 0 0
2111 1 0 0 0 0
2119 1 0 0 0 0
2120 1 0 0 0 0
fl=./string/../sysdeps/x86_64/multiarch/../multiarch/strlen-sse2.S
fn=strlen
57 15 0 0 0 0
101 15 0 0 0 0
102 15 0 0 0 0
103 15 0 0 0 0
104 15 0 0 0 0
105 15 0 0 0 0
106 15 0 0 0 0
107 15 0 0 0 0
109 15 0 0 0 0
111 15 15 0 0 0
142 15 0 0 0 0
143 15 0 0 0 0
144 15 0 0 0 0
145 15 0 0 0 0
146 15 15 5 0 0
147 9 0 0 0 0
149 9 0 0 0 0
153 6 0 0 0 0
154 6 0 0 0 0
155 6 0 0 0 0
156 6 0 0 0 0
157 6 0 0 0 0
158 6 0 0 0 0
159 6 0 0 0 0
160 6 0 0 0 0
161 6 0 0 0 0
162 6 0 0 0 0
163 6 0 0 0 0
164 6 0 0 0 0
169 48 6 0 0 0
fl=./string/../sysdeps/x86_64/multiarch/ifunc-avx2.h
fn=memrchr
38 4 1 0 0 0
40 3 0 0 0 0
41 2 1 0 0 0
42 3 1 0 0 0
45 2 0 0 0 0
46 2 1 1 0 0
49 3 1 0 0 0
52 6 0 0 0 0
fn=rindex
38 4 1 1 0 0
40 3 0 0 0 0
41 2 1 0 0 0
42 3 1 0 0 0
45 2 0 0 0 0
46 2 1 0 0 0
49 3 1 0 0 0
52 6 0 0 0 0
fn=strchrnul
38 4 1 1 0 0
40 3 0 0 0 0
41 2 1 0 0 0
42 3 1 0 0 0
45 2 0 0 0 0
46 2 1 1 0 0
49 3 1 0 0 0
52 6 0 0 0 0
fn=strlen
38 4 1 1 0 0
40 3 0 0 0 0
41 2 1 0 0 0
42 3 1 0 0 0
45 2 0 0 0 0
46 2 1 1 0 0
49 3 1 0 0 0
52 6 0 0 0 0
fn=strnlen
38 8 2 2 0 0
40 6 0 0 0 0
41 4 2 1 0 0
42 6 2 0 0 0
45 4 0 0 0 0
46 4 2 2 0 0
49 6 2 0 0 0
52 12 0 0 0 0
fl=./string/../sysdeps/x86_64/multiarch/ifunc-evex.h
fn=memchr
37 4 1 1 0 0
38 3 0 0 0 0
39 3 1 0 0 0
42 2 0 0 0 0
43 2 1 1 0 0
45 2 0 0 0 0
51 3 1 0 0 0
54 4 0 0 0 0
fl=./string/../sysdeps/x86_64/multiarch/ifunc-memcmp.h
fn=bcmp
34 5 1 0 0 0
35 2 1 0 0 0
36 2 1 0 0 0
37 3 1 0 0 0
40 2 0 0 0 0
41 2 1 1 0 0
44 3 1 0 0 0
47 4 0 0 0 0
fl=./string/../sysdeps/x86_64/multiarch/ifunc-memmove.h
fn=memcpy@@GLIBC_2.14
56 2 1 0 0 0
57 3 0 0 0 0
60 3 0 0 0 0
61 2 1 1 0 0
74 2 1 0 0 0
77 2 1 0 0 0
85 2 1 1 0 0
93 2 1 1 0 0
96 5 0 0 0 0
fn=memmove
56 2 1 0 0 0
57 3 0 0 0 0
60 3 0 0 0 0
61 2 1 1 0 0
74 2 1 0 0 0
77 2 1 0 0 0
85 2 1 1 0 0
93 2 1 1 0 0
96 5 0 0 0 0
fn=mempcpy
56 2 1 0 0 0
57 3 0 0 0 0
60 3 0 0 0 0
61 2 1 1 0 0
74 2 1 0 0 0
77 2 1 0 0 0
85 2 1 1 0 0
93 2 1 1 0 0
96 5 0 0 0 0
fl=./string/../sysdeps/x86_64/multiarch/ifunc-memset.h
fn=memset
54 5 1 0 0 0
57 3 0 0 0 0
58 2 1 1 0 0
64 2 0 0 0 0
73 2 1 0 0 0
75 2 1 0 0 0
85 2 1 0 0 0
93 2 1 0 0 0
96 5 0 0 0 0
fl=./string/../sysdeps/x86_64/multiarch/ifunc-sse4_2.h
fn=strcspn
36 5 0 0 0 0
fn=strpbrk
36 5 0 0 0 0
fn=strspn
36 5 0 0 0 0
fl=./string/../sysdeps/x86_64/multiarch/ifunc-strcasecmp.h
fn=strcasecmp
36 4 1 1 0 0
37 2 0 0 0 0
38 3 1 0 0 0
41 2 0 0 0 0
42 2 1 1 0 0
45 3 1 0 0 0
48 5 1 0 0 0
fn=strcasecmp_l
36 4 1 1 0 0
37 2 0 0 0 0
38 3 1 0 0 0
41 2 0 0 0 0
42 2 1 1 0 0
45 3 1 0 0 0
48 5 1 0 0 0
fn=strncasecmp
36 4 1 1 0 0
37 2 0 0 0 0
38 3 1 0 0 0
41 2 0 0 0 0
42 2 1 1 0 0
45 3 1 0 0 0
48 5 1 0 0 0
fn=strncasecmp_l
36 4 1 1 0 0
37 2 0 0 0 0
38 3 1 0 0 0
41 2 0 0 0 0
42 2 1 1 0 0
45 3 1 0 0 0
48 5 1 0 0 0
fl=./string/../sysdeps/x86_64/multiarch/ifunc-strcpy.h
fn=stpcpy
38 4 0 0 0 0
39 3 1 0 0 0
42 2 0 0 0 0
43 2 1 1 0 0
46 3 1 0 0 0
49 3 1 0 0 0
fn=strcat
38 4 0 0 0 0
39 3 1 0 0 0
42 2 0 0 0 0
43 2 1 1 0 0
46 3 1 0 0 0
49 3 1 1 0 0
fn=strcpy
38 4 0 0 0 0
39 3 1 0 0 0
42 2 0 0 0 0
43 2 1 1 0 0
46 3 1 0 0 0
49 3 1 1 0 0
fl=./string/../sysdeps/x86_64/multiarch/ifunc-strncpy.h
fn=stpncpy
35 5 1 0 0 0
36 3 1 0 0 0
39 2 0 0 0 0
40 2 1 1 0 0
43 3 1 0 0 0
46 4 0 0 0 0
fn=strncpy
35 5 1 0 0 0
36 3 1 0 0 0
39 2 0 0 0 0
40 2 1 1 0 0
43 3 1 0 0 0
46 4 0 0 0 0
fl=./string/../sysdeps/x86_64/multiarch/memchr.c
fn=memchr
29 2 0 0 0 0
fl=./string/../sysdeps/x86_64/multiarch/memcmp.c
fn=bcmp
29 4 0 0 0 0
fl=./string/../sysdeps/x86_64/multiarch/memcmpeq.c
fn=memcpy@@GLIBC_2.14
29 1 0 0 0 0
fl=./string/../sysdeps/x86_64/multiarch/memmove-vec-unaligned-erms.S
fn=__memcpy_avx_unaligned_erms
262 1 0 0 0 0
263 1 1 1 0 0
305 1 0 0 0 0
306 1 1 0 0 0
308 1 0 0 0 0
309 1 1 1 0 0
364 1 0 0 0 0
365 1 0 0 0 0
366 1 0 0 0 0
367 1 0 0 0 0
368 1 0 0 0 0
fn=__mempcpy_avx_unaligned_erms
242 1 0 0 0 0
243 1 0 0 0 0
244 1 0 0 0 0
245 1 0 0 0 0
fn=memcpy
210 16 0 0 0 0
211 16 0 0 0 0
217 29 0 0 0 0
218 29 29 15 0 0
220 15 0 0 0 0
221 15 0 0 0 0
222 15 15 3 0 0
224 11 0 0 0 0
225 11 0 0 0 0
226 11 0 0 0 0
228 11 0 0 0 0
308 14 0 0 0 0
309 14 14 12 0 0
311 2 0 0 0 0
315 2 2 0 0 0
316 2 0 0 0 0
317 2 2 1 0 0
318 1 0 0 0 0
319 1 1 1 0 0
323 1 0 0 0 0
325 2 0 0 0 0
364 12 0 0 0 0
365 12 0 0 0 0
366 12 0 0 0 0
367 12 0 0 0 0
368 12 0 0 0 0
375 4 0 0 0 0
376 4 0 0 0 0
377 4 0 0 0 0
378 4 0 0 0 0
379 4 0 0 0 0
380 4 0 0 0 0
381 4 0 0 0 0
392 4 0 0 0 0
393 4 4 0 0 0
395 4 0 0 0 0
396 4 0 0 0 0
397 4 4 4 0 0
fn=mempcpy
197 13 0 0 0 0
198 13 0 0 0 0
199 13 0 0 0 0
200 13 0 0 0 0
fl=./string/../sysdeps/x86_64/multiarch/memmove.c
fn=memmove
29 1 0 0 0 0
fl=./string/../sysdeps/x86_64/multiarch/mempcpy.c
fn=mempcpy
33 1 0 0 0 0
fl=./string/../sysdeps/x86_64/multiarch/memrchr.c
fn=memrchr
29 3 0 0 0 0
fl=./string/../sysdeps/x86_64/multiarch/memset.c
fn=memset
29 1 0 0 0 0
fl=./string/../sysdeps/x86_64/multiarch/stpcpy.c
fn=stpcpy
33 3 0 0 0 0
fl=./string/../sysdeps/x86_64/multiarch/stpncpy.c
fn=stpncpy
31 3 0 0 0 0
fl=./string/../sysdeps/x86_64/multiarch/strcasecmp.c
fn=strcasecmp
31 3 0 0 0 0
fl=./string/../sysdeps/x86_64/multiarch/strcasecmp_l.c
fn=strcasecmp_l
31 3 0 0 0 0
fl=./string/../sysdeps/x86_64/multiarch/strcat.c
fn=strcat
29 3 0 0 0 0
fl=./string/../sysdeps/x86_64/multiarch/strchr.c
fn=index
42 4 0 0 0 0
43 2 0 0 0 0
44 3 1 0 0 0
47 2 0 0 0 0
48 2 1 1 0 0
51 3 1 0 0 0
54 3 1 0 0 0
65 3 0 0 0 0
fl=./string/../sysdeps/x86_64/multiarch/strchrnul.c
fn=strchrnul
31 3 0 0 0 0
fl=./string/../sysdeps/x86_64/multiarch/strcmp.c
fn=strcmp
47 4 0 0 0 0
48 2 0 0 0 0
49 3 1 0 0 0
52 2 0 0 0 0
53 2 1 1 0 0
56 3 1 0 0 0
59 3 1 0 0 0
79 3 0 0 0 0
fl=./string/../sysdeps/x86_64/multiarch/strcpy-avx2.S
fn=__stpcpy_avx2
64 1 0 0 0 0
65 1 0 0 0 0
72 1 0 0 0 0
73 1 0 0 0 0
74 1 0 0 0 0
75 1 1 0 0 0
80 1 0 0 0 0
81 1 0 0 0 0
82 1 0 0 0 0
84 1 0 0 0 0
85 1 1 0 0 0
89 1 0 0 0 0
91 1 0 0 0 0
92 1 0 0 0 0
94 1 0 0 0 0
101 1 0 0 0 0
102 1 1 0 0 0
104 1 0 0 0 0
105 1 1 1 0 0
144 1 0 0 0 0
146 1 0 0 0 0
147 1 0 0 0 0
148 1 0 0 0 0
fl=./string/../sysdeps/x86_64/multiarch/strcpy.c
fn=strcpy
29 3 0 0 0 0
fl=./string/../sysdeps/x86_64/multiarch/strcspn.c
fn=strcspn
29 2 0 0 0 0
fl=./string/../sysdeps/x86_64/multiarch/strlen-avx2.S
fn=__strlen_avx2
52 4 0 0 0 0
65 4 0 0 0 0
66 4 0 0 0 0
67 4 0 0 0 0
70 4 0 0 0 0
72 4 0 0 0 0
73 4 4 0 0 0
76 4 0 0 0 0
77 4 0 0 0 0
85 4 0 0 0 0
86 4 4 2 0 0
87 4 0 0 0 0
92 8 0 0 0 0
fl=./string/../sysdeps/x86_64/multiarch/strlen.c
fn=strlen
29 3 0 0 0 0
fl=./string/../sysdeps/x86_64/multiarch/strncase.c
fn=strncasecmp
31 3 0 0 0 0
fl=./string/../sysdeps/x86_64/multiarch/strncase_l.c
fn=strncasecmp_l
31 3 0 0 0 0
fl=./string/../sysdeps/x86_64/multiarch/strncmp.c
fn=strncmp
43 4 1 1 0 0
44 2 0 0 0 0
45 3 1 0 0 0
48 2 0 0 0 0
49 2 1 1 0 0
52 3 1 0 0 0
55 5 1 0 0 0
67 3 0 0 0 0
fl=./string/../sysdeps/x86_64/multiarch/strncpy.c
fn=strncpy
29 3 0 0 0 0
fl=./string/../sysdeps/x86_64/multiarch/strnlen.c
fn=strnlen
31 6 0 0 0 0
fl=./string/../sysdeps/x86_64/multiarch/strpbrk.c
fn=strpbrk
29 2 0 0 0 0
fl=./string/../sysdeps/x86_64/multiarch/strrchr-avx2.S
fn=__strrchr_avx2
53 1 0 0 0 0
54 1 0 0 0 0
55 1 0 0 0 0
57 1 0 0 0 0
58 1 0 0 0 0
62 1 0 0 0 0
63 1 0 0 0 0
64 1 1 0 0 0
67 1 0 0 0 0
69 1 0 0 0 0
70 1 0 0 0 0
71 1 0 0 0 0
72 1 1 0 0 0
75 1 0 0 0 0
76 1 0 0 0 0
78 1 0 0 0 0
79 1 0 0 0 0
80 1 1 0 0 0
81 1 0 0 0 0
82 1 0 0 0 0
91 2 0 0 0 0
fl=./string/../sysdeps/x86_64/multiarch/strrchr.c
fn=rindex
28 3 0 0 0 0
fl=./string/../sysdeps/x86_64/multiarch/strspn.c
fn=strspn
29 2 0 0 0 0
fl=./string/./string/strdup.c
fn=strdup
40 18 0 0 0 0
41 6 0 0 0 0
44 6 3 0 0 0
47 12 0 0 0 0
48 9 0 0 0 0
fl=./wcsmbs/../sysdeps/x86_64/multiarch/ifunc-avx2.h
fn=wcschr
38 8 2 0 0 0
40 6 0 0 0 0
41 4 2 0 0 0
42 6 2 0 0 0
45 4 0 0 0 0
46 4 2 1 0 0
49 6 2 0 0 0
52 12 0 0 0 0
fn=wcscmp
38 4 1 1 0 0
40 3 0 0 0 0
41 2 1 0 0 0
42 3 1 0 0 0
45 2 0 0 0 0
46 2 1 1 0 0
49 3 1 0 0 0
52 6 0 0 0 0
fl=./wcsmbs/../sysdeps/x86_64/multiarch/ifunc-evex.h
fn=wmemchr
37 8 2 2 0 0
38 6 0 0 0 0
39 6 2 0 0 0
42 4 0 0 0 0
43 4 2 2 0 0
45 4 0 0 0 0
51 6 2 0 0 0
54 8 0 0 0 0
fl=./wcsmbs/../sysdeps/x86_64/multiarch/ifunc-memcmp.h
fn=wmemcmp
34 5 1 0 0 0
35 2 1 0 0 0
36 2 1 0 0 0
37 3 1 0 0 0
40 2 0 0 0 0
41 2 1 1 0 0
44 3 1 0 0 0
47 4 0 0 0 0
fl=./wcsmbs/../sysdeps/x86_64/multiarch/ifunc-wcs.h
fn=wcpncpy
39 4 1 1 0 0
40 3 0 0 0 0
41 3 1 0 0 0
44 2 0 0 0 0
45 3 1 1 0 0
48 4 0 0 0 0
fn=wcscat
39 4 1 1 0 0
40 3 0 0 0 0
41 3 1 0 0 0
44 2 0 0 0 0
45 3 1 1 0 0
48 4 0 0 0 0
fn=wcsncpy
39 4 1 1 0 0
40 3 0 0 0 0
41 3 1 0 0 0
44 2 0 0 0 0
45 3 1 0 0 0
48 4 0 0 0 0
fl=./wcsmbs/../sysdeps/x86_64/multiarch/ifunc-wcslen.h
fn=wcslen
40 4 1 0 0 0
41 2 0 0 0 0
42 3 1 0 0 0
45 2 0 0 0 0
46 2 1 1 0 0
49 3 1 0 0 0
52 3 1 0 0 0
fn=wcsnlen
40 4 1 1 0 0
41 2 0 0 0 0
42 3 1 0 0 0
45 2 0 0 0 0
46 2 1 1 0 0
49 3 1 0 0 0
52 3 1 0 0 0
fl=./wcsmbs/../sysdeps/x86_64/multiarch/ifunc-wmemset.h
fn=wmemset
36 10 2 0 0 0
37 6 2 2 0 0
fl=./wcsmbs/../sysdeps/x86_64/multiarch/wcpcpy.c
fn=wcpncpy
31 1 0 0 0 0
fl=./wcsmbs/../sysdeps/x86_64/multiarch/wcpncpy.c
fn=wcpncpy
31 1 0 0 0 0
fl=./wcsmbs/../sysdeps/x86_64/multiarch/wcscat.c
fn=wcscat
31 2 0 0 0 0
fn=wcschr
31 2 0 0 0 0
fl=./wcsmbs/../sysdeps/x86_64/multiarch/wcschr.c
fn=wcschr
31 4 0 0 0 0
fl=./wcsmbs/../sysdeps/x86_64/multiarch/wcscmp.c
fn=wcscmp
30 3 0 0 0 0
fl=./wcsmbs/../sysdeps/x86_64/multiarch/wcscpy.c
fn=wcscpy
42 4 1 0 0 0
43 2 0 0 0 0
44 3 1 0 0 0
46 2 0 0 0 0
47 3 1 1 0 0
50 3 1 0 0 0
60 2 0 0 0 0
fl=./wcsmbs/../sysdeps/x86_64/multiarch/wcslen.c
fn=wcslen
29 3 0 0 0 0
fl=./wcsmbs/../sysdeps/x86_64/multiarch/wcsncpy.c
fn=wcsncpy
31 2 0 0 0 0
fl=./wcsmbs/../sysdeps/x86_64/multiarch/wcsnlen.c
fn=wcsnlen
30 3 0 0 0 0
fl=./wcsmbs/../sysdeps/x86_64/multiarch/wmemchr.c
fn=wmemchr
31 4 0 0 0 0
fl=./wcsmbs/../sysdeps/x86_64/multiarch/wmemcmp.c
fn=wmemcmp
29 4 0 0 0 0
fl=./wcsmbs/../sysdeps/x86_64/multiarch/wmemset.c
fn=wmemset
31 4 0 0 0 0
fl=???
fn=(below main)
0 12 0 0 1 1
fn=???
0 173 11 7 35 13
fn=main
0 14 0 0 0 0
summary: 139717 24195 3071 328 173
